0101101000110100000101101101100001010010001100011110001110000100011101011000010001101100100100010010,-11.86209577424535,0
0101101000110101000101101101101001010010001110011110001111000100011101010000010001101100100100010010,-14.964832367414656,5
0001101000100100100101101010100001010010001100011110001110000100011001001000011001101100100100010110,-19.257795790159502,10
0001101000110100000101111101100001010010001110111010001000010101011111011100000100101100100100010000,-21.271841624187775,15
0101100000110100000010101101100001010010000100110110101101010000011001011001110001001100110001010011,-27.554476173821964,20
1101000010110101010111100101001001000010111010001100101010000100111110011000010001001100100100010111,-25.47143373686634,25
0001101010100000011101100100100001110001001110001111011010010000001010011010000011101001101000110010,-30.952377413459732,30
0101000100110111100101011110111110010000001001001111011100000100011101100011010101001101101110110111,-35.10536016776905,35
1101100000111111010100011011101010011101000000001110001111110110010001010110000010000001000100011000,-40.135497710254846,40
1101001010101010010001111111001100000110010010001010010111010001110010011010110001101001010101001100,-42.232054215578245,45
0001010111000011110100110110111010110011000100011100110010000010100000010001010100011001110001010110,-48.26439268935743,50
1101011011011000100000100001001010110110011010010000011111110111100110100110000100111001001111001111,-48.710075414662064,55
1011100110000110110000010111010001111101011011101001010001011111011001001111100011010111101000100011,-51.0014527806597,60
1010010101001011111101000011000110001001110000111101010011001111100101100110010110100111001001100011,-57.76150816192858,65
1010100110101011011110100010110000101101110010101011111001100010001010100011101111010000110011001110,-60.332586050029846,70
1010000111001010110111010100011110101101110111000110010001111011101000110111001100011001001010100011,-61.69805143248988,75
1110010111001001110001011010011110100101010001110011111001001111100010100011101100000011010011101111,-71.10593476992949,80
1010010110101001110000010010011010101101110111100001010001111010101010100010101100010010111011101101,-72.11907205609904,85
1010010111000001111010000010001110101000110011110001110101111010100010100111101110010010011011101101,-73.62889906999301,90
1010010110001011111010010010011110101101110011100001110001111011100011100111011110010011011011100101,-77.28270285421702,95
1010010111001011111010010010011110101101110011100001110001111011100010100111101110010011011011101101,-81.3035614903527,100
0101101000110100000001101001110001010010001110011110001110000100011101011000010001101101100100010010,-15.78116980598197,5
0101101000110100000101101101100001010000001100011111001000001100011101011010010101101100011100010010,-19.33310944306883,10
0111101000110100000111000101000001010110010100010111001110000100011100011000010101101100001100110010,-23.19931104890152,15
0100101000111110000101101111100001010011110000011110000111111000011111011000011001111000100100010000,-27.61746702212395,20
0111101000110101011101011001101001001010000101011110001111000110000001001101010001101110100011000010,-29.21642258944536,25
0101101000101100000001101101110000010110001100001010010001000001010011101110100000101000000100001110,-30.577993953501256,30
0001001001100100001101011110100111111010001001001100111001110101110101011100110001001110001101010011,-35.692474717038145,35
0101000000110111101101101001100001111011011101101101111101110001111000100000001011101010100111110001,-38.411192879260234,40
0001001110111000000000010101000011000011100101110000111101100100011011100001010011001011110011000001,-41.84037522845442,45
0001100111001110111011101011000001100000001111110000011010110100101011001010101100010100011101110011,-46.6087547338641,50
0111001111000001011011100011110111001110000110101100100101100011000110101100010011111010011010111100,-46.49378022063822,55
1010110001100011111010100000111111000110001011111011110011110010010010001010001111111110001001100011,-56.641049705444615,60
1011101111100001111111100111010110000101110111100100101111111111100000100110011110000111010101100111,-53.11934059501928,65
1110000101111100110010010010101100100111010001100101101001110010110010100010100101010011010111111101,-62.48986029700052,70
0100010111001010111011001110011100101110010111110010110000011101110010101111101100010011010011100101,-65.66120879052363,75
1010011110001010111010100010111110101001110001100011101000111011100010100111100011110011011011111010,-71.69401975903641,80
1011010111001011011011010000010110101101111010000001110001001011110011100101101110010011011111101001,-70.25386091635238,85
0010010111000001111010010010011110101101110011000001101001110011100010000111111110010011011001101101,-73.82014911141079,90
1010010111001011111010010010011110101101110011100011110000111011101010100111101110010011010001101101,-78.6736932918545,95
0101101000110000000101101100100001010010001100011110001110000100011101011000110101101100100100011010,-15.592704349362888,5
0001101000110100010101101101100001110110001100010110001100001110011101001010010001101100100100010010,-19.29173446346592,10
0101101000110100010101101111100011010101001100101111001110000100011101011010010001010100100110010011,-22.72187149564708,15
0001111000011110100101000101110001010000001010011100101110100100111101011000000001101100100101000000,-29.5572416653,20
0101110000100010001101111101000101000110011101011100001100000101001110011000110001111100110100011001,-28.48632802707966,25
1110101000110010001001010001111000010001001000011100001110010000010100010100010011101101111101010011,-37.86277496551998,30
0101010101111001000111111000101001010010001110011111100110100000101101001010011001110111001010111000,-34.33869633114918,35
1011101010110000101101001101110011001111000101110010100110100110001100101100100101110110111000011001,-42.05416018832801,40
1100000101110000010000101100001100101111000110011100010010101010110111001010110010110110111101010011,-43.96354108160119,45
1000111110101011111111100011010001011000011010000000001000101001010110101010000000001111000000011000,-47.0067883542984,50
0000110010001010111110111001011111101001011110110000100110000000001000000111000101001110011101000100,-49.84901903654233,55
1100000111000001110011011011001110001111100010110000110000001111111010110110011000101100001101110111,-50.19156584056483,60
0010010100011010111010011110100001011001100010000010110001111110000010000110101101111110011011110100,-59.66824032172213,65
1010100110101011110010010011111111100101111100101011111011011111101000101110101110110111110011111000,-58.443859236797714,70
1010011111011010011010010000010010001101100011100111100101011011100010101110111100111011101010101000,-62.80424618490113,75
1011010011101001111000010010111010100101010010100000010001101011000010100110100100110010011011100101,-66.2212589379788,80
1010111101001011010010000010011110100101110000100001100001111011110110001111101110010011010011101101,-75.88255851841552,85
1010110111001011111010110010011110011101110011100001110001111110110010000111101111010011011011111101,-76.35546199111151,90
1011010111001011101010010010011110101101110011100001010001111011000010100111101110010011011011001101,-76.95023822314113,95
0101101000110110000101101100100101010010001100011110001110000100111101011000011001101100100100010010,-16.23548081533112,5
0101101100110100001101001111100001010010011100011110001100100100011101001000010001101000100000010010,-17.3574774471352,10
0101101000010101100001101101000001000010000100001110101110010101011011011000010000001100100100010010,-21.298912044332134,15
0101101000111100000101001101100010010010101101011110001110010101010111111011010011111110110001010011,-27.09983200508383,20
1101101110010100110000100101100011110010001100000111001110001101111011010100010101101100001100010000,-27.046702555437736,25
0001001100010100010101111001100001010000100100010101111100000110010101111000010010101100010111101001,-35.32107136040457,30
0001111110101100011101001011100101000000101000001010001010000100001010001000000000011011110100011100,-37.0967350290963,35
1001100010100111001111000101101001010010011010010010001110100110101101111111011010010110110011111001,-38.74711665883187,40
1011100001011000111001011100100011100000011000001100110110010000110001000000000011001010111101011101,-44.41781276894158,45
1110000101011100001000111001000111100101001010001100001001011111000011011111111101011100100111111110,-41.871370798752295,50
0110000100011100001110001001101011101110000011110100110010011001101010011111010110111011100011100100,-46.54587391453286,55
1011110011101011000110110010000011001101101011100001010111101110010110001100101110011010101100010100,-51.84444348199171,60
1101001101101011110010000110111010011011101111111001000111101111010010100011101110001011011100101101,-56.41645626764775,65
1001001100001001111010110100101110100010001011101001110001110001100110100011101110110100011111101100,-58.452191941277405,70
1000010101000001111110111000011110101101100010100101001000001110000010101111100110010011010111101001,-64.52350421104393,75
1010010111101011111010000100001101100001111011100001110001110111100000100110011010010010111011001101,-67.18471557002118,80
0010000100001001111010010010011110101101000001000001111000110011100010100110101110011011001011101101,-71.00364376513939,85
0010000100001001111010010010011110101101000001000001111000110011100010100110101110011011001011101101,-71.00364376513939,85
1010010111001001111010010010001110001101110010100001110001111011100010100101101110000011011101001111,-74.13745183821764,90
1010010011001011111011000010011110111101110011100000110001111011100010100111101110010011011011101101,-80.44336617245459,95
0101101000110100000101101101110001010010001100011100000110010100011101011000010000101100100100010010,-14.748036249017552,5
0101101000110100000101101101110001010010001100011100000110010100011101011000010000101100100100010010,-14.748036249017552,5
1101111110110100000101101101100001110011001110011110111110000100011101010000010001101100100100010010,-20.60795407198517,10
1101111110110100000101101101100001110011001110011110111110000100011101010000010001101100100100010010,-20.60795407198517,10
0101101001111100001001101101100101010000100101011110001110000100011101111000011001100000100101010110,-22.61131129036634,15
0101101001111100001001101101100101010000100101011110001110000100011101111000011001100000100101010110,-22.61131129036634,15
1011111010011100100111101101100000010010001100111111001110000000001101001011010000101100100100011000,-27.30426810170143,20
1011111010011100100111101101100000010010001100111111001110000000001101001011010000101100100100011000,-27.30426810170143,20
0101000100111001000101111100110001010010001011000110000110001000001101011100010101101101101010110010,-24.068229357485006,25
1101101100110010101101101111100001000010101101011111000001000010111000000000110111001001100000000010,-32.97915767490718,30
0101111101111101011101100001110101011111000111010011011100010100011100001101010001111101010010010001,-40.32744987345479,35
0101111101111101011101100001110101011111000111010011011100010100011100001101010001111101010010010001,-40.32744987345479,35
1010001000010001110000010000010111010010100100011100011100100111101001110000100001111110110000010010,-40.91786417998717,40
1010001000010001110000010000010111010010100100011100011100100111101001110000100001111110110000010010,-40.91786417998717,40
1111010001001000010011011111100110110010000000010110000111111100111110100011001000101111111100000011,-48.5628676672963,45
1111010001001000010011011111100110110010000000010110000111111100111110100011001000101111111100000011,-48.5628676672963,45
1000001111000000100001011011000111101001100101101010000100010011001010011001100111111100111100000000,-47.73551372885281,50
1100110111110000110001111100010010001000110011011101001101100110110111000111111100111011110011011111,-48.32181233589897,55
0110010111101010001010011110100010111110000110101000000001011111100010011110000000001001001000101001,-51.31951761998308,60
0100110001000000110000000110011111101100111010110111111011011011010010110101111101011100011111101101,-58.10178635776228,65
1110110110001011011101011010000110001101110010001001110001010100100110101101100010011001011011011011,-62.78863997582702,70
1110110110001011011101011010000110001101110010001001110001010100100110101101100010011001011011011011,-62.78863997582702,70
1011010100011011111010011000100110011001110111000001111000110011110000110111101101010010011110101101,-66.05816991472582,75
1011010100011011111010011000100110011001110111000001111000110011110000110111101101010010011110101101,-66.05816991472582,75
1110110110001001010111010110011110101101100011100000110001010011111010100011101110011011011110101001,-68.80325970462458,80
1110110110001001010111010110011110101101100011100000110001010011111010100011101110011011011110101001,-68.80325970462458,80
1011010111001111111010010001011110110101111001101000110001111011000011100110101110000011011011111101,-70.29919162227323,85
1011010111001111111010010001011110110101111001101000110001111011000011100110101110000011011011111101,-70.29919162227323,85
1010010111001011111010010110011100011101110011100001110001110001100110000111101110010111011011101100,-73.94566818852765,90
1010010111001011111010010110011100011101110011100001110001110001100110000111101110010111011011101100,-73.94566818852765,90
1010011111001011111010010000011110101111110011100001110000011011100010100111101110010011011011101101,-79.7836182900323,95
1010011111001011111010010000011110101111110011100001110000011011100010100111101110010011011011101101,-79.7836182900323,95
1101101000011100000101101101100001010000001100011110001110000100011101011000010001101100100100010011,-16.875075112223843,5
1101101000011100000101101101100001010000001100011110001110000100011101011000010001101100100100010011,-16.875075112223843,5
0101101000110110001101101101100001010010000100011100010110000100011000111000010001111100100100010010,-18.62574485455399,10
0101101000110110001101101101100001010010000100011100010110000100011000111000010001111100100100010010,-18.62574485455399,10
0101101000010100100101101000101001010010000000011101001010000100011101010000110001101100100100110111,-26.21932958941203,15
0101101000010100100101101000101001010010000000011101001010000100011101010000110001101100100100110111,-26.21932958941203,15
0101111000111100000011011101100001110011001110011110001110010101001101011000000000001100100101100001,-29.58734533340993,20
0101111000111100000011011101100001110011001110011110001110010101001101011000000000001100100101100001,-29.58734533340993,20
1111110000011000010001101001100101010011001100111111100110000000001101011001010011110100000100000000,-33.915351908389376,25
1111110000011000010001101001100101010011001100111111100110000000001101011001010011110100000100000000,-33.915351908389376,25
0111100001010100101110111111110001110010000110001010001110110000011100011111011000011100100110011000,-30.058266240080588,30
0111100001010100101110111111110001110010000110001010001110110000011100011111011000011100100110011000,-30.058266240080588,30
0111101000101100110101000011010001001011101100001111101110000010010011000010000001001001100100100101,-37.12747148962595,35
0111101000101100110101000011010001001011101100001111101110000010010011000010000001001001100100100101,-37.12747148962595,35
1011101110111000000010001110101011001010001110001010100010100110111101001101010111010011100101110011,-38.12208616866776,40
1101101110011110101001010000011111110110001110010111001000011000000100111101111111001100110001011000,-46.452697937358046,45
0110101011100010110000101110101000010111111110110000101010110111011111011010001110000011011000111111,-47.655491924288036,50
1100110011110011110110000111111111100011110000010100001010100011010101101111100111110111001101101011,-50.80098785096096,55
0011011100011011101000101100001010111110101011010101011101100011110110110111001100010101011000001000,-53.41022626225707,60
0110001111001001011000011010011110000001101100011001011101111010100110011011101101110001011011111000,-55.83368505160304,65
0101111110101000111011010110111010101101100111101101110001101011101111100011001100010011111111000111,-59.30315400860812,70
1011010100101011010100010010011110111001110011101101110011111011000000101010101110111101011111111111,-63.793904368611045,75
1010010111001000111010011000110011101101010001100001111011010011000010100101101110010010110111101101,-69.42370554330712,80
0010000111001011110110110010011010101101110011110001010001111011100010010101101110010010011010001001,-71.47518239160054,85
0010010011001011101000010010011110101001110011100111110001110011100010100111111111010011011011101101,-75.56392153819297,90
0010010111001011101010010010011110101101110010100001010001111011100010100111101110010011011001101101,-77.62504156859349,95
0101101000110100000001101101100001010010001100011111001010000100011101011000010001101100100110000010,-16.90413742516764,5
0101001000100100000001100101100001010000001100011110011110000100011101010000010001001110000100010010,-18.770198956720755,10
0001001000110100000101001101010001010010001100011111001110000110101101001010110001101100110100010111,-23.19248527829319,15
0101101000100101000101111101100101011010101100111110011110100101001011010000001001111010100100000010,-23.21220974677735,20
0001101100110110010000101111110001010000011100001110001000100101011111011000100010111110100101010001,-30.887864932072613,25
1101100000011100101111101101010001001011011010001110001000010000110011010000010101110100110100010000,-33.67869685356252,30
0000100100011110100101100000100000010010010111101100111110001100001101011011001100100000101000000000,-34.70179676522575,35
1011101100010101100101101011001011110101111010101101010101100101011101110001110001100110100100101011,-40.31742651154016,40
1101000010100011001100100001101101111100011000001111000111111100011000010011000111100000100011101100,-39.79281032464875,45
0010100001100011000000001011011001110001111101110101111111110101111111001000101001101010110010101101,-48.93306423603518,50
0110110101101111101011011010111001100100001100100011111010000010010100000001100011010101011010001110,-57.49831887463424,55
1011111111000010111000001111010110011111111110100010011010110010101011001101111111100001101010100001,-56.17260183500074,60
0110110101100010000010111110101110001101111111110101110101010100100110100110101110000011010111010001,-56.683198055500675,65
1100010111011001110110000000111111101111110011011000010000111010101000110010000010011011011011111110,-60.585180109279804,70
1011010101111110111010001010111100101100110001100101110100011111100000111110111100010011010011100101,-64.33830351912968,75
1010000110011000111010010000011100111001111111100011100010101011100011100011101110010011011011001001,-66.71691860589334,80
1010010111001011111011010010000110101101100011000000110100101001100110100111101101010010001011101101,-71.30364924698328,85
1010110111001011101000010010011110101101100001110001110010111011100010000111101110010011011011111101,-75.84973718767023,90
1010010110001011111010010010011110101101110011100001110001111011100010010111101110010011011011100100,-77.67145756079026,95
0101101000110100000101101101100001010100001100011110001110000100111111011000010011101100100100010010,-15.12783343207876,5
1101111000110100000101100100110001010010001100011100001110000100011101011000011001111100000100000010,-20.202325679341,10
0101101000110110001101001101100101010010001000010110001110010100011101111001111001111000100110010011,-25.28324659087206,15
0111101001110000001000111101100001010100100110011110000111110100011101011100010101101101100100010000,-22.42458881537126,20
0101001000110010100001101101110001100110101100011110000110100010011011001000010000001000100111000111,-29.678482740418236,25
0111100110010110011010100101010101010110001100011011001110001101011101111010011101100110110000000000,-30.757556555265232,30
0111111010010101100010100101000000100011000000001010100010110100101101011100000001100101101111011011,-39.48969155034686,35
0011100101111110000001011000101101101010001111000001011010000110111110000010111000001100100000010100,-40.29403979651185,40
1111001010111000001011101001001110001001110110011101101110110000110100011011001100100110000011010110,-41.56688026016093,45
1010101011110101111001111101111010111111011111000000001011011010111100001100001001001111011011111010,-47.67555114204452,50
1111010000000111001000010010010100010011011111100100111100011111010001110011001110110000001000010011,-49.38390346608914,55
1100010111101011001011100000010110011110110001010110011010001101111010100011111100101001001001001101,-55.037845919298185,60
0011111011001001101011000011011110001111011000000101010101111001101001010111000010101011011010111001,-55.37034212110778,65
1110010001000001100110010110010110101001000110110011011001110110100000100110101110010101000001101100,-63.0183943263271,70
1110010111001011001010010001000110111010110010101101010001111111100111100111111111011001010011111111,-63.07687924264102,75
1010000111001111111010110010111110101101010011000000010011111011110010111101100010110000011111101111,-68.10390365648519,80
1110010011011011101010010010011110101101111011101001101101111001100010101110101110010011010010001101,-68.41797509670353,85
1010010110000011111010010010011100101101111011100001100101111011100110010111101110010011011011101001,-73.53705903043733,90
1010000101001011011010010010011110101101110011100001110001111011100010100111101110010011111111101101,-76.09975619119737,95
0101101000110100000001101101100001111010001100011110001110100100011101001000010001101100100100010010,-15.770612067797197,5
0101101001100100000101001101100000111010001100011101001110000100011101010000010001101110100100010010,-19.098830169700413,10
0101101010100100010100001101000000010010101100011010101111000100011101010000110011101110100100010010,-21.59648323820163,15
1001101001111100010101111111100001111010011110011010001110001110011101110000010001101000110101110010,-26.75390683417691,20
0101101001101110010100101000100101011010000111011110001110000101010111001101010001101101101110000001,-31.566309396374756,25
0001101100100100000001100101001010000000000010010011101111000110111101010100010101111000111100010111,-34.10942320444397,30
0101011110011110110111001100111100000110001000010111011111100100010101111010011001100011010100000010,-39.07008680503942,35
0000011000010000111111111100110001101001011001011110000110110100000000110111010101111010110000010000,-41.21069345514525,40
0101001001111011100101110111010000110100000010100010101001011000110100100100011011111001100101100010,-44.07625159381017,45
1000111011101011111110101101101100010111011000011101001111000110101010101011001011100010000101101101,-47.57576673615075,50
1000001001100000101010101100111001000101100101001000000000111000101110001011100100010110101011100100,-51.040403903325824,55
1000110100100110101110010000010000111111011001110010100101100011100001111011100010010000011001011000,-55.24236152795063,60
0100010001001000100111000010011011111111110010101001101111101011110111101110110110000001010111001101,-58.783956888567914,65
1011100110101011111010010110101110100001000111001000100001111001110010010111100100000000000011000101,-58.92151854352069,70
1000110100001111011010010011010110101001101110100011010000111011010010100111001110100011110111101100,-64.6486710010845,75
1010011111101000111010111010001111101101010111100001100011100011100000001111101110110011011010100101,-67.1176665333656,80
1010010110011011011010000010011110101101000011100001100001111111101011100111001111001111011011101101,-71.82103014709702,85
1010010111000011111010110010011110101101110011100001100000111011100010000111111110110011011001001111,-74.63615270262811,90
1010010111101011111110010010011110100101110011100001110001111011100111100111101110010011011011101101,-77.61352592243716,95
0101101000010100100101101101100001110010001101011110001110000100011101011000010001101100100110010010,-16.09876910182717,5
0101101000111100001001101101000101010010001100011110001111011100011111011000010001101100100100011010,-18.018956702099267,10
0100100000110110000000101001000001010011001100011011001100000100011001011000011001011100100100010010,-22.957200597365382,15
0000111000010100110101101101110101010110111100111110110110000010011101011000010001100100100110010011,-28.527411950770112,20
1101001010111100011110001111100001010010101111010100001110111100001101111000010001111000101110010000,-26.674304177796795,25
1101101100111100010011100101000101010010011001111010001100010000101101000000001011101111110000010111,-34.77570001650284,30
1110101010011010000100101100101001010010010000001110010111000000111111111001000010001010011100000100,-39.74669582489714,35
0000111001110101110001000111001101001111110100101011011100001000111100111001110001100110000000011000,-42.98977157878923,40
0100001110111101010010101111100110111110100101000011000100101001000101011100100001011100110011111111,-42.43778141873489,45
1111011011100101100001101110111011000111010001101101110111101010110000110100111011011110101100110000,-48.34281976189565,50
0110111110101111000111000011000010010111011010011001010101101001001000001101001011000010010011001111,-52.506030806960766,55
1001000011011101110111111000111011101101111001100011100000100011110100110101001010101001000111000001,-53.29238647352068,60
1100111011001011010011010110110110101111010011001111111110010111000000001011111111010011011111011001,-61.081374899454836,65
1111100100101010111010110010010100101101111000110100110001110011101101100011111111010111111010101000,-59.08296240487207,70
1010110111000111011000110000011100101100110101110101100000110000100010110111001110010010101011101110,-64.27105547742838,75
1010010111001111100010000110001111101101110011100001100011111111000110111110111010010011011011100011,-68.29582263407163,80
1010010011101010101010010010011010111111110111110001110001111010100010100011101100010011001001101100,-72.7225428344027,85
1010010111001011111010010010111010111101111011100001110001111011100010110111101110010011101000100101,-73.67927534513174,90
1010010111000010111010010010011110111101110011100001110001111011100010100111101110011011011011101001,-78.47426302286709,95
0101101000110100000101101111110001010010001100011110001010000101011101011000010001101100100100010110,-15.520191974569164,5
0101101000110000000100101101100001011110101100011110001110000100011101111000010001111110100000010000,-17.30522167047804,10
0101101000010110110100101101100001011010001101011111100110000100011111001001011001101000100100010010,-22.061592422846417,15
0101101010010100000000001001100001110110011101011010000101000111101110011000010001101100100100010010,-22.601762493895304,20
1111001100110001001101001101011000000010001110011110001000001100010101111000010101100100100101111011,-30.048530254334466,25
0011110101100110010101101101001001000001111100011011001110101111010001011000000001101001010100010011,-36.614581011503425,30
0111100100000111000000100010100100101011011010011010001011000101011000010000010111101110100001110010,-35.61711336669715,35
1100000100100010000000100001110011010011111101001101001101000100101011101101000010101001110101110000,-36.45267125362284,40
1010000011011100110101101100010000010011010100011101001101011000101110111101011000010010001101110000,-43.421837888867124,45
0110101000111010101000100010010010110011101110111000001011101000110001110110000111100001011001111011,-47.664683956497264,50
1010011011100011000100101110010011000101110110110101000010111100110100011000111000011011111010100101,-55.33435153889588,55
0011001111101111110010001011111100101011011000001000000001111011000000011000010110001111011011110100,-55.34137750926028,60
1110111110000011010110100010001010101100011111001001100111110011100110001111001000010011100111011100,-54.38846771073391,65
1110010100001001111010011110011110011100101001100011000101100001100110011111111100000001011001110101,-59.877812457410485,70
1011010111011111110010010011111110111110111011100001010011111001111010100000100110011010111111001111,-65.82692959401474,75
1000011000011011111010010110010110001110111010100001010010111011101010100111101110000000011011101101,-66.51164291988262,80
1010110111010010111010110010011010011101110011100001110001101011100110100111101010010011000011001100,-70.30580881486696,85
1010010111001111111000011000011110001101110011100001010001011011101000100111101110010011001011101101,-74.43331093316078,90
1010010101001011011011010010011110101101110011101101110001111011100010100111101110010011011011101101,-79.35583332571659,95
0101101000110100001101101101101001010000001100011110011110000100011101011000010001101100000100010010,-14.609887715252052,5
0101101000110110000101101101110000010010001100011110001110000000011101001010010001111101000100011010,-18.485063243956105,10
0100101000110101000101101111100001110010011100011110001100100000011001111011010001111100100100110011,-20.521142557191588,15
0001101000110100100101100101110001010110100100011011000110100100111101011010001001101100110100100001,-26.352888080546872,20
0111000101010100000110100100100011000010010100011110001010000110000100011000110000101110110101010110,-29.161924581969796,25
1110101001110100010100101101100011000010011000011100000110000010011001010011001111111110110101101000,-31.147501575799602,30
0110001000101101000111010100000110011110000100010101011011001100010111111101011001000110100101010010,-36.30994740259342,35
0011111100100101010100001001001011011010110101101010000111000010010101010110111010111010100001110011,-40.832276066516805,40
0011001101011010100110101101010101110000010100010001100100110001011100100010111111100101101110011011,-44.241167632448764,45
1011100001001110011110111110001010010101100000110111000111010100010110000101011010111110111100101000,-49.205616539783314,50
1011111110101101110110001000101001001111100111111000001000101010000110111110101011000111011010010110,-53.142716537980824,55
1111001000001011110010010100111110111001010110000101100010101011001110010101101000000100111100000101,-56.450356427389764,60
0100011110111001101010000000111110101111101101100001110101100010000010000101111111010100111010011011,-55.586938061078584,65
0010000010000011101000010000110110001111111111001000110001111001100101000101001100001010001011001101,-57.01846063353507,70
1000010101111011110011010001111000101011110011100101100001101001100010000110101100000111111001100101,-65.177988939426,75
1011010101101011111010010010111111101101100011101001000001100111110010100101000111011011011011100001,-69.75260486169324,80
0111010111001111111010011010011110001101111011100101110001111011100110100111101111110111101011001101,-69.25079647172329,85
1010010101001011111010010110011010101101110011100001110001111011001000110111101010010111011011001101,-75.17018502013471,90
1010110111001011111010010010011110101001110011100001110011111010100010100111101110010011011011001101,-79.71699164167401,95
0101101000110100000101101101100001010000001100011110000110000100010101011000010011101100100100011010,-15.47872476594033,5
0101101000110100000101101101100001010010001100001100001110101100111101011000000001101110001100000010,-19.07659929073814,10
0001111000100100000101100101110001010010101100010010001110000000010101011000010101101010101000010010,-24.88244386610025,15
0011111001110110000101111101101011011010011100001010001110001100111101101000010000101100100100001110,-29.461039061089288,20
0100010010101011100101101001110001110010101010011010011110001100011101011000110001110100100100010100,-32.30490805963407,25
0111001011010101010101100101100011100010111110010110001010000100111110111101001001101101110001110110,-30.44367470877278,30
0100101001110100111111111011101010110011000000010110000110100110001100101011001001100100010011110010,-39.664320303950326,35
0100101100011110110100101110000001011010110000101110001010110101110001111000110011110010001111111100,-43.80923871620506,40
0110100001010111100101010011011100111000101000111110011011001101110000011101110000101101111001100000,-45.07838855036045,45
1000101001111111110001000110011011011000101111011101000000010110110001011001001100011101001011110101,-49.307701826104356,50
1110110110100110110001111110010000010100101110010001000100110111000010100111101001101111111010000111,-52.50680028102823,55
0111110000101010111001111000100101001101110101100100110001111110111001010101101100000110001011100100,-57.07026572093316,60
0011011111010011001111011100101111100011010011101000111000110001000010000111001010010000110111101001,-56.69838026022932,65
1110000111011001001010111000011110100100111010011001000001101011010010100010001111011111111011111001,-56.06563533637396,70
1110110111110010111000110010011111111111110010110001110001111011111100111110101110010101010011111111,-64.37008091773534,75
1010010110000000111010100010110110101100010010110001110001111011101011110111101110010111111001101011,-66.41830934626412,80
1010010110001011111010101010111110101101110011100000110001001011100010101011101110100001011010100101,-71.8689685237814,85
1010010011001010111010011010011110101101100011100001110001011011100111100111101110010011000011111101,-74.99730135833249,90
1010010101001011111010010000011010101101110011100001110001111011100010100111101110010001011010101101,-78.92283100869334,95
0101101000110101000101101101100001110010001100011110001110000100111101011000011001101100100100110010,-14.74042887139771,5
0101101000110110010101111101101101000010001101011110001110000000011101011000010001101100110110010010,-20.292873499646493,10
1101100000110101011101101100100011010010001010011110001111000100011101011000110101000101100100010010,-21.396184164355027,15
0101100000111100100000001111100001010011000101011110001110000000101110011000000011111110100101010010,-25.688176088184434,20
0111111001010100000100101101100101010011001100011100011011100000111100011000001011100111101101010001,-33.174151794304244,25
1101101011110100010001101110001011010010010110011110001110000000101011011110101101111110000100111110,-28.657660313702742,30
1100101111010100000111101000110110110111001101001010010000100100011001011001111111100100101110110110,-38.43885986247383,35
1011101110110001010011001100000101010101000110010100001101011101010010001000010000011111100110111011,-39.176052280674625,40
1100101011110011000001111110001001111010110101101010010111100101110111100001111110101110001101011011,-44.10705792334073,45
0001111000101000110001110000100100001101001111111001001011011000110011100001110011110101000111100001,-51.37186776005857,50
1110000100010110010010010010011011110010110000110110111110001000100001000101011110011011111100100000,-51.11803433568228,55
1101001001100100101001110010010110111100100011001101101011011111000011100010111000110001111011101000,-51.8169988142019,60
1100101110101111101101010111010110101101011010101000110001111100000110110111101110000001111110010111,-55.17657376360349,65
1011011110000111101100010010100100001001110110101000100000101101110010110111101100010010000001101101,-59.46030163518761,70
1111010111000000110000010010111010111001110000100001100000111011110010000100100110010011100010101111,-65.94628199364769,75
0010000101010001110000010111001010101101010011100100110001111001101010100011101100010011011001101101,-65.10791677840592,80
0010010011010011111001010010111011101101110011100000010011011011100010100111101110010001011011101100,-70.9994605429323,85
1010010111001011111000010000101110100111110011100001100000111011100010000101101110010011011011101101,-77.20012240697672,90
1010010111001011110010010010011110101001110011100001110001111011100010100111100010010011011011100101,-79.56781961502189,95
0101101000110100000101101111110001010010001100111110001110000100011101011000010001101100000100010011,-16.176938430579277,5
1101101000110100000101101011100011010111001100011110001110010100111101011000110001101100100101010010,-22.086951930427883,10
0101101000001100000101111111000001001011001100011110101110010100011101011100010001000100100100110010,-21.9816275658237,15
1101001010110101010101011101100001011000101100111100001010000110011110010010010001101100100101011010,-22.751370807132353,20
1001000000010101000101001101111000110010001000101100001110010101011111001000100100001110100100010010,-29.234923369033325,25
0111100010100110000101010111010000000010001110010010111010100101011001001000000001100100000010110011,-31.755228633262508,30
0101101111000110000100101000100101011110001100100111001011011011001111101011011011100000100110000010,-34.64232997116362,35
1110001100110001011101101001111010011110100110010011001100101000001111001100100000101000010101111110,-40.451705565188334,40
0100110110110001001011110100101001000100010101111111010000101111101011001000010010110000111000000110,-41.98303812643103,45
0010110100001111100001011000101100011111111101110010011110001010000101011001001100000100011001011001,-52.69874852416016,50
0000011001001100111001011000001110111101000100011111001001101110100111001000111101010010011101101110,-58.204073034657924,55
1110111110101010000010011000010110000100000010011011100101111000101010000100110100010111110111100011,-57.95790160614956,60
1111011110001001101010010000101011000110001011100001000000100011110010110001001111010001101011011111,-57.92991547283982,65
1000010011000000110010110010111010101001111011111001111001001101011011101100101100010010011011100011,-59.41221677834065,70
1010010101001011010110000001001110101100100011110011111100100111000010100101101111010001010011111001,-67.43389467918733,75
0010110101001001111011010010011010111101110011000001010101001011001010100010011110110011011011101001,-67.74347412360636,80
1010010111001011101110010011011110101101000011100001111001010011100011100100001010000011011010101101,-72.32331918318519,85
1110110111001011111010010010110110101101110011100001100001111010100010100111000110010011001011101001,-74.27602727856727,90
1010011111001011111010010010010110101101110011100001110001111011100010100111101110001011011010101101,-78.03529120085321,95
0101101000110100000101101101100101010010001100111110001110000100011101011000010001101100100100010010,-13.216742864128044,2
0101101000110100100101101101100001010010001100011110001110000100111101011100010001101101100100010010,-13.730867246945648,4
0101101000110100000101101101110001010010001100010111001110000100011101011010010001001100000100010010,-15.817017824268698,6
0001101000110100000101101101100001000010000100011110001110010100011101011000011001101100000100110110,-18.29070546996615,8
0101101000100100000101101101100001010010001100011110001110000100011101111000010001101100100100010010,-14.343618224644391,2
0101001000110100010101101101100001110010001100011110001110000100011101011000010001101100100100110010,-14.829284789402271,4
0101101000110100000100111101100001010110001100011110001110000000011001011000010001101100100100000010,-13.980947349164591,6
0101101000110100100101101001011001010010101100011110001110000100111101011000010001101100100100110010,-17.55034162259388,8
0101101000110100000101101101100001000010011100011110001110000100011101011000010001101100100100010010,-11.947451011560615,2
0100101010110100000101101101100101010010001100011110001110000100011101011000010001101000100100010010,-14.394549376723488,4
1101101000110000000101101101100011010010001100011110001110010100011101011000010000111100100100010010,-16.579447490219295,6
0101101000110111001100101101000000000010001100011110001110000100011101011000000001101100100100010010,-15.646813637645497,8
0101101000110100000101101101100001010010001100011110001110000100011101011000010001100101100100010010,-13.33266304572662,2
0101101001111100000101101101100001011010001100011110000110000100011101011000010001101100100100010010,-13.956583744590784,4
0101101100110100000000101001100011010010001100011110001110000100011101011000010001101100100100110010,-14.804469869506649,6
0101101000110100000100101101100001010010001100011111000111000100011111010100010001001100100100010010,-14.952900898738452,8
0111101000110100000101101101100001010010001100011110001110000100111101011000010001101100100100010010,-14.230578938412913,2
0101101001110100000111101101100001010010011100011110001110000101011101011000010001101100100100010010,-13.16682959921763,4
0101101100110101000001101101100001010010001100011110001110000110011101011000010000100100100100010010,-15.669660739187536,6
0101101000110100010111101101110001010010001100011110100010000100011101011000010101101100000100010010,-18.726074685789737,8
0101101000110100000101101101100001010010001000011110001110000000011101011000010001101100100100010010,-13.186252150947706,2
0101101000111100000101101101100001010010000100011110001010000100011100011000010001101100100100010010,-16.82362974001804,4
0101101000110001001111101101100001010010001100011110001010000100011101011000010001101100100100000010,-15.946313632091426,6
1101101000110100000101101001100001010000001100011110001110000101011101011000010101101100001100000010,-18.36793150926629,8
0101101000110100001101101101100001010010001100011110001110000100011111011000010001101100100100010010,-12.228810914636671,2
0101101000110100000101101111100001011010001100011110001110110100011101011000010001101100100100010010,-15.133333982212346,4
0101101000100100000111101111100010010010001100011110001110000100011101011000010001101100100101010010,-17.007324129337114,6
0101001000010100000101001101100001010010001100011110011101000100011101011000010001101101101100010010,-17.05353774467213,8
0101101000110100000101101101100001010010001100011110001110000000011101011010010001101100100100010010,-11.6859587858359,2
0101111000010100000101101101100001010010001100011110001110000100011101011001010001101100100100000010,-17.420878883653586,4
0101101000010100000101101100100001010010001100011000000110000100011101011000010001101100100101010010,-15.48721146073574,6
0101101000111100000101101101000011010010001100011110001110000100011111011000010001001100110101010011,-19.198614029637092,8
0101101000110100010101101101100001010010001100011110001110000100011101011000110001101100100100010010,-14.72626668903515,2
0101101000100100000101101101100001010010001100010110001100000100011101001000010001101100100100010010,-15.622659855467635,4
0001101000100100000111101101100001010010001100011110001110100100011001111000010001101100100100010010,-17.181748563197786,6
0101101000110100000101101101000000010000001000011110011110000101011100011001010001101100100100010010,-16.470328916700353,8
0101101000110100000101101101110001010010001100011110001110000100010101011000010001101100100100010010,-13.978383571606166,2
0101101001110100000101101101000001010000001100011110001110000100011101011000010011101100100100010010,-14.279741129644478,4
0101101000110000000101101101111001010110001100011110001110000100011001011000010001101100100100011010,-15.665996243036773,6
0111101000110100000001100101100001000010001100011010001110000100011101011000010001111100100101010011,-18.258919194423413,8
0101101000110101000101101101100001010010001100011110001110000100011101011000010000101100100100010010,-12.583049040637853,2
0111100000110100000101101101100001010010001100011110001110000100011001011000010001101100100100110010,-13.363894909011679,4
0101101000110100000111101001100001110010101100001110001110001100011101011000010001101100100100010010,-16.03719713493511,6
0101101000110100000111101101100001010000101110011100101110000100011100011000010101101100100100010010,-15.229514682768205,8
0101101000110100000101101101100001010010001100011110000010000100011101011000010001101100100100010010,-13.5434842968154,2
0101101000110100000101101101100001010010001100111110001110001100011101011001011001101100100100010010,-14.341623587205138,4
0101101000110100000101101101000001010010001100011110011110000101011001011000010001101100000100010011,-15.021588381520113,6
0001101010100100000101101101100101010000001100011110001110001100011101011000010101101000100100010010,-16.85170243172181,8
0101101000010100000101101101100001010010001100011110101110000100011101011000010001101100100100010010,-13.413533932589209,2
0101101000110100100111101101100001010010001100011110001110000100011101011010010001101110100100010010,-13.650011709757615,4
1101101000110100100111101001100001010010001100011110001110100100011101011000010000101100100100010010,-17.161643634600495,6
1101100000111100000101101101100001000010001100011110001110000110011101011000010001111100110100110010,-17.08063210650986,8
0101101000110100000101101101000001010010001100011110001110100100011101011000010001101100100100010010,-13.348826814794295,2
0101101000110100000101101101100001110010001100011110001110000100011001011000010000101100110100010010,-14.782683288320639,4
0101100000110100000101101101000000011000001100011110001110000100011101011000010001101100100101010010,-14.785897774825253,6
0101100001010100000101101101101001010000001100011110111110000100011100011000010001101100100100010010,-16.560558148401288,8
0101101000110100000101101101100001010010001100011110001110001100011101011000010001101100100100010011,-13.88447505547316,2
0101101000110100100101101101100011010010001100011110001110000000011101001000010001101100100100010010,-14.430961136900931,4
0101101100111000000101101101100001000010001100011110001110010100011101011000010001101100100000010010,-16.099291537686472,6
0101101001110100000101101101100011010010001110011111001010000100011101011000010001101101110100010110,-18.429766047116274,8
