0101101000110100000101101101100001010010001100011110001110000100011101011000010001101100100100010010,-29.849293061853107,0
0101111000110100000101101111100001000010101100011110001110000100011101011000010001101100100100010110,-30.29854154564934,5
0001100000110100100101001101110011010010001101011101001110000100011101011000010001001100100100010010,-30.50690117732736,10
0011101010110010000101100101110011010010001100010110001100000100011000011000010000101110100100110010,-31.190245335913875,15
0100101101110010001101001101110000001110101100011110101110001100110101011000010101101100100100000110,-31.92305536474198,20
0100101001011100110111101111100001010010011110011111001011100100001101101100100000101000000000010000,-30.97190090881015,25
1010000000010111000000101001100001001011001000000100011010001010000101011010010001110100100101010010,-33.90871302180623,30
1111111000110100100001111100111101000011001110101100011100101100010110101111010010111100110000000110,-33.54141876847207,35
0100101101000000001001100100100001000100001110000110110110000100100111000010110000110011111111001011,-34.76055506461935,40
1110111101100010000111011111100101110111100000111100010011001100111010101110010101100010011000001010,-32.482140018752894,45
0111101100011001001111001101100110110011110110110010111000111101100010011000010100110101011001101001,-33.09217646135638,50
1001110101111001111001011010000011011000110101010100100111011101010100001110101100000101111010001001,-30.17930017299202,55
1000010011101001101011110101101110100001010010100101000101111011100100111100000101011101000010010100,-34.056189990028834,60
1010011000011010110110001110110000101111011101100000100000111010110000101111100101010111001001100100,-36.41500070161793,65
1100011110001011100011000010111110001100111111100001110010010010100110010001100110110010010010100111,-39.7462831044497,70
1101010110001011111010011110011110101101110001100011101001111101100110100011101101011100101001101011,-32.03110868386821,75
1000010111001001010110010010110010100001110011000001110000001111100010101011001110000011011011101111,-36.28189179497544,80
1010010011100011111010010010011110101100110011000001100000101011100010101111100011000011011010111101,-36.12160288500267,85
1011110111001011111010110010011110111101010011000101110001111011100010110111111110010011001011101101,-37.401406933093476,90
1010010111001011111010010010011010101101110011100001110001111111100011100111101110010011011011001100,-36.84678574815889,95
1010010111001011111010010010011110101101110011100001110001111011100010100111101110010011011011101101,-37.37722290151097,100
1101101100110100000100101101101001010010001100011110001110001100011101011000010001101100100100010010,-29.01727196455059,5
0101101000110100010100101101000001010010001100011110001110000100001111011001000001111110110100010010,-31.38289221093565,10
0001111100010101000101101101100101110010000100011110001100000100010101011000010001100100000001011010,-32.804106006029706,15
0101001001110100000101101100100111010111101000100110001110000100011101001001111001100100110110010110,-31.68493312670948,20
0111100000110100000100011111100000100010000100011111000100101110010100111101000001101000000000010010,-31.815613340281086,25
0001001010110011000001101001001001010010001100110101001110011110100001100100010001011100100100000100,-32.21806055853198,30
0101111011100010010101100110000001010001111100010010101101101001011000111010010100101100110010001010,-29.380182143251236,35
0011110100100111000010011011001001010011001001011110101100100101100101111110110111001000001111000010,-32.623181342994705,40
0110010000111011000101110100101100111111100110010011111010000110100111001010111000101111101000010101,-35.313428649311675,45
1001101011101100111100110001111101001001111111010111111000011010001000101010001101100110001100011100,-31.3687525125842,50
0010001010110111111110111110101110100100111011101001010111101010010001111011111000111111110110011110,-32.051335761054574,55
0011100011001101110000011001001110001101011110111100010101101010000110101111100001100011010110101000,-33.45441896326899,60
1010001111101110110011010111010011001001110010101010000100110011100111100110110101010010011101001100,-35.056475664693146,65
1110000011011111111000000010110011011100111101100001110001001111110110000111001110110001111010101000,-35.04058152091423,70
1010010111001011111010000100101110001001110001101101110001111000100001110101011100010001111001110111,-36.150128854806056,75
1110000111111011101110010011011100000101011011110011110001111111100000100110101110010011001010100101,-35.328166068281405,80
1010011111001011110000010010011110001100111001000011110001101011101010100110101010010011011011111111,-37.455235459818226,85
1010010111000010111010011000011110101101110011110001110101010011100010100111101110011011011001101101,-36.01857934801935,90
0010010111001011111010010010011110101101110001100001110001111011100010100011101110011011011010101101,-37.38705874069724,95
0101101000110100000101001100100101010010001100011110011110000100011101011100010001101100100100010010,-29.949756858562033,5
0101001000110100000101100101100001010010001100001110101110000100001101011100110011101100101110010010,-30.21461779055552,10
0101101000011100001001101111100011010010001100011110001110000100110101001001010001101110101101110110,-32.862875523809336,15
0101011000110100000011001001100001010010001111001010011010100110011101111001010100101100110100010000,-32.856995210937384,20
1111001001100110000101011100111010010010111100010111001110000101110001011100010000101100000100000010,-31.079885752833786,25
0100001010000001001101100111001001110100010100011110000010000100110101011000100101111110101100000100,-32.570667525181165,30
1101111110010001000101101001110100110110001100000000001100000100011011011010100110110000000111101010,-34.8324755110018,35
0101001110000100010100100100110101110010000110111111110100111010000100001000000001010110010110011100,-34.174813833942906,40
1011010010101010100000101101111101000111000111111010001101111010000011011000011100100000100011110010,-33.35182696011619,45
1000000011110101101111010100011011010100110011010110011100001101111011011010101011000101001110101000,-30.713150092871658,50
1100010101000010110111111001001110111001110010111011110101010000111100111100110101100101010111001011,-31.038852778917676,55
0000001111010101111001100110110011101111100000100001010001001001001110010001101100110100111101101101,-34.65781700353999,60
0001000010111011101011001011010111000101110001100000100001110110000101100111001110000101111010110101,-33.12057987073353,65
1010010111111001111000000100011100001001011010100001100001111110100100010111101010011100101111111001,-38.10728220700849,70
1110110001001011111010001001111110011101110010100001010001101011010000100011110010011011001000101101,-38.067172751193205,75
1011010111001010111010011011111100101101100010100000110100111011010010111111101010011011011010001100,-36.482937141361184,80
1110010010101011111010000110011110101101110111001001110001110011100010100011001110010001011011001001,-35.02223929331357,85
1010010111000011111010011110011110101101110011100001110001011011000011000101100110010011011001101101,-35.76716698997679,90
1010010111011011111010010110011110101101110011100001110001110011100010100111111111010011011011101101,-36.403487179057,95
0101101000110100000101100101100001010010001110011110001110000100011101011010110011101100100100010010,-30.897409119196162,5
0101101000110101000101101101100011011010001100001110000110100000111101011000010001001100100101010010,-31.59791991928172,10
0001101000110100000100111100100011111111001100011110011110100000011101011001010001101111100100010010,-30.6125575445188,15
0101000100110100000101100101011000010010000001011100001111000101011001011000011000101100000000110010,-29.61274091297845,20
0101101000110001000101000011100001100010001011011110100111110100111111001000000101111100000110011010,-30.34411433665418,25
0111001011100100001100100101001001010010000100011010100110000010011000010100110101111001111101010100,-31.057876281530685,30
0000001100010100110000011001110011100011001000110100101010010000011111011000100001100010110010000010,-34.7095344741794,35
1011110001101010111111111001100000000001010100001111000110000100110111111000111001011001110110001000,-34.32717822805716,40
0101000101100010100100110101011001111101001000010001011111110000101100010101011000010010100101110000,-35.25964369808024,45
0010101101010101100101001110111011100100011010110111111001100110111010001100111111100110000011011111,-34.86784499227832,50
0010011011111100001001110100111011110010011010100100110001110011011110000110110100100010111010101110,-32.90642898452002,55
0100011111010100100110110010011110001110000110001111111000101010100011000110101011101011001011000001,-34.207449702919945,60
1101001001101011100000010010010100010111100101001000110001111010101011111111111110100001001010100101,-35.124926504802694,65
0011010101101100101110111010001110111101100011110000110111111011100011000010100100001011110011100001,-33.56932398341441,70
1110011100100011001011010111011110111101011010001111110011111010100010110110101111010011011011001101,-36.86506439748381,75
1000110110001000101010011011011010000101110011100101110001110011100010100010001010100011011011001101,-36.121293784193256,80
1010001100011111111010011011011110111101110010100001110001111011100111100111101110010011011001001111,-35.9273670929427,85
1010010111001011011010010011011111101101110011100001110101111011100110100111100100010011010011001100,-34.88056228565554,90
1010010111001011111010010010011111101101110011101001110001111011100010100111011110010010011011101101,-36.386147459455096,95
0101101000110110000101101101100011110010001100011110001110000000011101011010010001101100100100010010,-28.91333550787768,5
0101101000110000100100101011101001010010101110011110001010000100011101011000010011101100100100010010,-30.017302856618304,10
0001101100100000001100101101100011100010001000011110001110000100011101111001010001101100110100110110,-30.595899238352178,15
0001111000010010001110001101110001010010001100110110001100011100010101011000011001100101000100010010,-31.217204475785152,20
0111100001111100100111101000101000001100000100010111001110000100011001101000010001111101010100010000,-31.52685212179223,25
0000000001000100001101101101110011000111010100011110101010000110011000011000111000111101110111110110,-32.326557397369086,30
1110001100110000101100111101100101011010001100001010000010101110110101010011110100011000001100111000,-34.74123842498384,35
1010011000111100100100100100110011100001100011011111100110111101111001010110011001101100001000010001,-30.801045139252402,40
1110100101111101010011110101000101111101100011001010001100100100111101000101100101111100001111110111,-33.11558835549101,45
1111101011011110111011100110110111110000111111110001100101001000101110111001001001101101101010001011,-31.573790320939022,50
1011110100011110111001110100100111100111000001011011001001110000000110100010001110010011101101010000,-36.39091820156697,55
1100010100010111111111010111110110101101110001100111001101111010000101111001110010010101000111000111,-37.18971571587093,60
1010011111000111111110110011011110101001101000001101011001111001011110101100110101000111010111001000,-31.880920744723042,65
1010011111001001111110010110000111000000101011111000111001001010111110100101011110110010010011111101,-36.12152373290034,70
1010010111000010111010000100011100011101010010100101010011101011111011000101100010010111011001001100,-38.97639918317648,75
1111010111011010111010110110010110110100110001100001110010001011100010101110100110010010011011100101,-36.30726255621738,80
1010000101001111111011001010011110101100111011100001111011111011100110100111001010010011001011101001,-36.20306684940561,85
1010011111001011111011010010111110101101110011000000110011111010100010100111101110000011011111101001,-37.1468892285057,90
1010010111001011111010010010011110101101110011100001110011111011100000101101101110010001011011101101,-37.462605888934235,95
0101101000110100000101100101110101010010001100011110001110000100011101011000010001101100000100010000,-30.98689549976637,5
0101100001110100000101101111101101010010001100011110000110100100001101011000000001101100100100011010,-29.41969652455304,10
0101111010010100000101101101100001010010010101011010101110010100010101111000010101100100010100010010,-30.71226008461896,15
0001001000110100001101100100100011011010000100001110001110010101111100111100011011111100000100010011,-30.841690119182005,20
0110100011101100000011101101000101011010000000011100001100000111001111011000110011001101100110010010,-33.63587775275614,25
0000010100010001000110110001110101011110000101011010001110000100010001111101010001101101100101010100,-33.260658233766215,30
1011101110101101011001011011110101010011001111001011010010000000011001011001010001110101000100001010,-33.074348908981094,35
0000110111111111001010101111100010001010110100010110000110100010010000101100010000101000100111100110,-32.725802760342184,40
0110100011010111000001010101101010100001111000101000100101100000001101010100000010110110110110001010,-34.442644107003666,45
1101000011001101100110110100011011011000100101101110011001101110100010010000011111100011000100011011,-32.89878911684963,50
0100001010010010111010100000010001111110111101100010011101101011010010010101000111000010110111111011,-33.945238076322624,55
0100110001010010100100000011000111101010101011101011010000111111010010111110101100111011011100101001,-34.47871180106034,60
1100010010111101001011010010011111111101110101100001110010000111101010101000101111110101000011000001,-34.17107407359391,65
1010010100001111010100111010011010111001111011001101100100111000101000010111101010110111011110101101,-35.194605086439346,70
1011011111000011111010000010011010101111111001000011100000111010000011000111001110000001111111000011,-33.388312350735966,75
1110110111101111111000010010000111101001010011100011011111011011100010100111101100010010011111101001,-37.90395253931898,80
0000010111001011111010010100110110101101110011100001111001111010110111000111101110011001001011101101,-37.33534486091516,85
1110010111001011111010110010011100101101110011100001100001111011100000100010111110011011011011100101,-37.00119472102492,90
1010010111001010101010010010011110101101110011100001110000111011100010100101101110010011111011101101,-38.75565033170071,95
0101101000111100000101101101110001000010001100011110001110000100001101011000010001101100000100010010,-30.266076814338714,5
0101101000110100000101101100100001110010000000010110000110000110011101011000000001101110000100010010,-32.356852346026734,10
0001101000110101000101101001101000010111001110001110111110000100001101011000010001100100100110010110,-30.151458317591047,15
1001101000110100010111101011100001001010101100111110001010010100011100001000010000100100110101110011,-29.638640033661467,20
0101110000110100001111110101010110011010101010111110001000000001010101011000000010101100100100010011,-32.978371553754236,25
0101101100111001010011111101100101000001001101000011111100000000111110011000011010101100010100010000,-32.09991139307799,30
0011000101111100011001111101100001010010000101111100100011100100111100011101011111000001000001010011,-32.76514053555255,35
0011101011010110001101101011110011000110101000110110011100010101001110011101010000010000111011011101,-33.29621372524072,40
1110000110010111011000101111001101000100000110001001100011011101011110010000010011100010100101000001,-31.23042013210087,45
1100010111111100010011110001000010000111100000110110100101110001111111011110011100001010001000000111,-32.01646931476413,50
1110100101010010101111011110100110110111000001100011010111111100100110010001100000110100011110000001,-34.81537790061017,55
0010110011110111110111110100110110101011011011000011110101001001110100011011001100110001011011000011,-34.36875510117475,60
1100010111111001111010110001110111101011110011001000101101110000100010000000111110100110001010000101,-34.43947197298227,65
0010010011000001101001001111011010101000100001101011110101011011101011000011101110011001001001111111,-33.69399856748077,70
1010010111011011101011100010001100110111111101111011110011111111111100111111101110010011011010101101,-36.05865094664873,75
1010000110011111011010000110011111101100100011110001011001111011000110100011001110010111001111101101,-34.94567634782617,80
1010111111001011111010010010011111101101110101101111110000110111100010100011101010000011011111101101,-37.9102371176944,85
1010010011001011111010011010011110001101110111100001110001111111100010100111101000010011011010111100,-35.082636950937214,90
1010011110001011111010010010011110100101110011100101110001111011100010101111101110010011011011101101,-37.33619681066262,95
0101101000110100000101101001110001000010001100011110001110000100010101011000010001101100100101010010,-31.19650972884837,5
0101111000110100000101101101000001010010001100011111011110000100011100011000010111001101100000010010,-31.020047077942117,10
0101101000110000000101101100000001011010000100011010001010000100010101011000110001101000000110111000,-31.845150221185342,15
0001111011000110010100100001100101000110100100111110001110000000011101011001011001101100100100010010,-32.097023897678085,20
1101101100110010000001101100001000000110001000010100001110000101001001001000010001000010101100000110,-32.08133328009263,25
0000101101110100110011001101101011011001001100010111001100010110010111111111010011101101000100111010,-32.941291343816744,30
0111001110001110100011001101101011010110001001000000001110000111011110011111000100011100100100111010,-33.38794243021594,35
0011101000001110110000111101000110111101010111001110101000000100111111010100111101111100110100001011,-31.76451464313519,40
0110001000100000001100111111111011111101011111110111100101000100001001100110011011011111101110011001,-29.693198572051376,45
0111011010001010001101001000110111101011001111101110111111011001100100100101010010110100010011011010,-34.471899313718005,50
0010111001001011110001010011101100101011010001100111101111000111100001010100100011111000101110001111,-38.31268363721453,55
1010011010101111110010001010011110110101000010111010011010110001101111000100000100111010011000101010,-34.12335483846538,60
1101000011001011101010011111001111101001100011100000011111100111110001001011101010110101010011000100,-34.4843485979601,65
1001110101001011000010100010011110110100100001110001100001111011101011001001001010011101101001101101,-36.28393199270167,70
0001010111001001011110000010010111101111100011111101110001110011100001101011101110100111011010111100,-35.44922306412994,75
1010010101001001011010000001011110001000110011110001110000101101100001100111001110110111111011101101,-35.66279271881919,80
1010010100100011100010100000111110001101110011000101111101111011100010100111101110010011011011101101,-37.61791200515027,85
1010010111001010111010110010011010101101110010100001110011011011100010100001101110010011010011111101,-37.85523733065365,90
1010010111001011111000010010011110001101110011100001110001111011100010000111101110010001011011111101,-37.22120548834829,95
0101101000110100000101101101100001010000011100011110001110100100011101011001010001101100100100011010,-30.522011726682713,5
0001111000110100000101101101100001110010001100011110001000000101011101011000010001101100110000011110,-31.395842337685185,10
0111101100110010000101101101100000010110001100101010000110000110011101011000010001100101100100011000,-33.22022567855761,15
0101111000110101000101100111100001011010101100011100000110110100011101000000110100000100100101010001,-31.94324596915512,20
0101100000110100001001100101101001010010101101000110010011100101111001111100110011001111101100010010,-31.36045146671407,25
1100010001110011010111101001010001000000101011110101001110110100111100011000010001101101100110010010,-30.98011993811638,30
1000111000111100101100001101010100000010011000110100001110001110011010011001111010100100000110110100,-36.665130462941555,35
1000101001011100000101101110001101111000011001100010101001000101110111111001010100011001000100110110,-33.55189754741279,40
0100001011110001101010101110110010011110110100001011101101100110011110110010110101000011111001010010,-31.3596250308818,45
1101011100101111001010101011010011000001110000011011000101101000011111010111010000011010111011100110,-32.853969251906875,50
0001010111001111101100000000000100011111000110000000101000010000010100010011111111011011001010010000,-36.95960190763012,55
1010101101101001100010100001101100100101100111000001111000110101101010101010110000111010111000101011,-33.87545646075552,60
1011010101001011011111001010000101001001101001110000110011110001110000000101001000100110001011100100,-34.835805447234584,65
1011010111001101010010010011001010011000100001100001110001111010100111110010010100000001010010111111,-34.603473805964754,70
1001001110011010111010000011011100100100011011000010110011110011100110100111101000010011010001111101,-34.67210610947479,75
1010010111001111111110100010101111001111010001101101100001110011110110100111101110011011011001001101,-37.36975254736551,80
0010011101001011011010010010011110011101110100100000110001110001000010100111101010010011011011001101,-36.455084245169715,85
1010010111011011111010011110010110101101100011100001111101111010100011100111101111010011011011101101,-36.86950312024275,90
1110110111001011111010010010011110111101110011100001110001111001100010100111101110010011011011101111,-37.351143697885526,95
0101101000110100000101111101100001010010001100011110001111000100001101011000010000001100100100010010,-30.356372446940554,5
0101101000110101000001101101100101000010111100011110001110011100011101010000010011101100100100010010,-29.694605204784423,10
0101001000110100000100111101100011001010001101011110001010010101110101011000010101001100100100000010,-30.214312529458038,15
0111100010111100100101011100100010010010000100010000001110110100011001111000010101101100100100010110,-32.227482917172665,20
1101101001110110100101111001100001111011101001111100001110001100010100010100000000101101111100110010,-32.12420915576196,25
0011100010101001001101101000100001010011011110001101001100101100011011001000000000100101110100011000,-31.628536657205505,30
0000101111111110011101111101110000110010101100111011010110111100010000011110001100111000111100010010,-30.65358429708591,35
0011111000111000001101001110100111110110011100011000001110001000011100100011110010000011011011110000,-34.55144794726878,40
1100101011010110110000010110011000011110001010000110000111111011100001101000011011101101100110010111,-34.36524122878768,45
0111001010000011110001111001011000010001011000100111110111001000111000101011101010100110100010101010,-33.74610279668052,50
0011110101100110100000001111100101001011110111100010111101011011011010111100110110100011000110100101,-34.917386183383606,55
0000110001001010111000011110111011111000101101100001101011101000100100000010101011010100111111110111,-35.86469594904126,60
1110100100001110011111111010101000001001010011100001111000101011100100110110101111110101000010100100,-35.13255704087775,65
0111010101001011110001010000111101101101100011110101101001111010001110100111001110000001010000100010,-36.26352494936308,70
1011110000101111111010010010001010001101110110100111100011101001101100100010101110010011111011001101,-35.829033404932936,75
0010010111101110010010010110111111001011110101100001110101111001100010101011001110010011011001101101,-36.375474549944684,80
0000000111000011111010010010001110101111110011110010110001111011100010100111100110000111111010001101,-34.035788829373715,85
1010010111001011101010010010011110101100110000100001110001111011110010110111101111110011011011101011,-37.16691119155071,90
1110010111001011111000110010010110101101110011100001110000111011100010100111101110010011011011101101,-38.556675306560216,95
0100101000110100000101101101100001110110001100011110001110000100011101011000010011101100100100110010,-31.023612843110993,5
0101101000110101000111101101101011010010001000011110000010000100011101111000010001111100100100010110,-30.471955099262086,10
0100001001110100000001101001100100010110001100011010001110000100011110111001010000101100110100010010,-32.15048319018881,15
0101000110110100001100101101101101010010010000111110001100000000011100011000010011001100010000010010,-30.5195266625733,20
1101101000111110011101100111111001010100001100011111000100001010011000110000110001000110100100010010,-31.748677903341942,25
1100101000110010000100111011100001111111110010110110101011010100011100011000010011100110110110010011,-32.858770762461624,30
0001100100001111010101101101000001000101001100011111010101001101101111001100011001110100010000111011,-30.48777363873749,35
0111110100001100000111101010110011110100001100110001110100001101001101111010010000111010011001010000,-33.31830048685982,40
0001000100001100100010001110100010000101000101010001000010000101100011011011110011101000000110101011,-34.45713880254884,45
0010010000101101000011101000111011111000010000010010010000111010100001111100001101100111110100001100,-35.61081025248483,50
0100010000001101111111001001100111000111111111100110000001110101110111000010110000010010110011101001,-35.2932086371864,55
1100010111101100001100011000011011100000101100101111110101101010101001010111101110011000111111001100,-34.41729443575561,60
1010010101001010100011001000110000011101110011111001001011111110100110100011101010001001000010001010,-38.44962055919666,65
1000110111001111111010010010110000100000001011100001110111100001001110101000111110100011011011011101,-36.58373817039951,70
1010011111001011011110010011011111101011011111101000011000011001100010100011100100101011011011111111,-33.38171139266615,75
1011010110001101111010001010011110100001110010100000011001101001100000000001101110000011011011101100,-36.65233201797081,80
1100011111011011111010010010010010101001110111100001010000111001100011100111101110010011011111101011,-35.83101510188831,85
1010010111101011011011010010011010101101110011100001000001111111100010100011101110000001011011101101,-36.683738327811504,90
1010010111001011111010010010011110101111110011110011110001111011100010000111101111010011011011101101,-36.47539235482185,95
0101101000110110000101111101100001010010001100011110001110100101011101011000010001101100101100010010,-29.958219939558667,5
0001101000110101000101101100100001011010011100011110001100000101011101001000010001100100100100000010,-29.20388577248195,10
0001001100100100000101100101100001010011001100001100000110000100011010111000010001001100101100010010,-30.937048606282424,15
1101001010110100100101001111100101001010111100011000001010000100010001011101010001101000100101010010,-31.71337265384258,20
1101011001010111000110101101010101010010001000001111001110000110010101001000000000100000110100010100,-34.0967423572687,25
1001001001110000100001101101111001010010001000000111001110010101010010011000000110010100110100111000,-33.47310229803892,30
1101111000000000100101101100110001000011000101100010110010010100101111010011111001100100101101111011,-33.66079468566247,35
0110100000110100110000111100101111010101011100010000111100000101110111000000010010110000110101101001,-34.20018176633625,40
0001000011110000000100001100101110001000000101000110011011001000111100100011101100110111111000010110,-31.628467282684795,45
0011000111010000111001111001111001110010101101100110010010011111110000000010000010001111001001000001,-33.00367962711465,50
0110010111000110010110101001011010100101111100110010110001011111001100100001001001000101110110110110,-31.064059113418647,55
0011011110101111110011110100101100111100000101101001100001100001110001001000110110010000011010111100,-37.60096171576293,60
1000010111101111110111110010011111000111011110101100010001101110111010110111111110111100010011000001,-33.51362895478886,65
0010100111101000011000011100011111101001110011011101110001111001101010100001010111010110010001101001,-33.460066345971164,70
1110110111100000111100010010010010101001100011001101010000110011100000100111111110110110001001101101,-37.82072936007871,75
1110010110001011111100011010011111101101110000110101111011010011100010100101100010010001011011100111,-37.87294148051717,80
0110010011001011111010010010011100111011100110101001110001111011100010100111001110011011011111111101,-36.97378905528698,85
1010011011000001111011010010011110101100110010100001111001101011100110100111101110010011011011101101,-37.083905810356654,90
1010010111001011111010011010011110101101110010100001110001111010100010000111101110010011111011101101,-37.52439358376251,95
0101101000110100100100101101100001010010101100011110001110000100011101011000010001101101100100011010,-30.10771024339296,5
1101101010110100000101101101100000010010011000011101001110001100011101001000010001101100100101010010,-30.148486121923494,10
0001001000100100000101101101110001110010001100011010011110000100011101011000000001110000001000110010,-30.663019769643622,15
1100101000110100100111111111100001000000001000111100011010000101011000011000010000101101000100010011,-30.869489654043274,20
0101101001001100011111001111100011010010101000010111000111000100001111001100011001101110110100010111,-29.979294759162357,25
1100100001001100000000100101100000001000101101110110011110100110011001011001110001001111010000010010,-34.45346462130815,30
1111111100111100000011100011100001000110010010010110001100100101011001000100010100100110000111100001,-33.310947926310774,35
0001110011000100010101001001101111011100111001010101000110100000011010010110010000101100011101100110,-31.843358960181224,40
0110110100001000001111001011111000001111100101010010000011000110000101110100001101101101000010011100,-34.07311668983296,45
0010000100001011001111000101000110100011000001111100111101010010111100101011111000001011101100110010,-33.242582218293244,50
1100101100001111110011100001100110000110110100100000011100100011001100010001101101010011010101001101,-37.3142565739903,55
1110110111001010111110000110110111011000111111000111111011111000010010110110110001001100011010100011,-31.724514411170126,60
1011010111001011011010011001101111110101101111100010010000010011101000000011001011110000010010100010,-33.03111471707761,65
0010010111011101111010000001001111011101110110011100010001111011111010001111010010000010011011111101,-36.18937318947338,70
1010011101011011111010011010001111101111010110101001111001010111101010000111110100100001011010100101,-32.85638533813122,75
1000010101001011111110110000011111100101110111100101001001011001100010111110101111011011011111101101,-34.50518858703704,80
1111010101001011111010010010011010111101110011110000110001111011101000100111100100010011011000001111,-34.572182326851475,85
1010010111001011101010010010011100101101110011101001111001111011100000100001101110010001010011101100,-38.4170737020849,90
1010010111001011111010010010011110001101110011100001110001111011100010100111001111011011010011101101,-36.317632234588544,95
0101101000110100001101101101100010010010001100011110001110000110011101011000000001101100100100010010,-30.725501370190475,5
0101110000110100001101101101000001010010111100011110001010000100001101011000011001101100000100010010,-29.204272488597617,10
0111100000110001000000101101100101010010000100011111001110000110111101111000011001101110100100000010,-32.80102899090659,15
1111101001110100010100101101110000010010101010010110000011000101011101011100110001101010100100010110,-31.365588261880557,20
1100100000110100001101110001100010000000011100111110011101100100011001010001000001101100111100011110,-31.125077607036353,25
0001001000101110010100101111101001010010001001010100001101110001010000011100100001111110000100011011,-31.02836755314559,30
1101011000100101110100010101110011101111001010010110111110000100011101001100010100111110111000101010,-32.4655993586292,35
1100110011100100100111111101110010011011011110010010011011100100101100111001110001110100001011001111,-35.719250668603905,40
1100101000100011100010001110101000010011011101111011101000101001011100000111100000101111011001010011,-31.79208219101347,45
0001001110100000010110111000000100100000100101101011001110111110001100111101111010100010001001101001,-33.336029425702655,50
0101101101001101111111011011100111100111111110100110010000001101111010001011000100010111110001100101,-33.877059763588036,55
0000011011101011111100110000001001011100001100101001010000000011010110101111101110100111101011110100,-36.60217177904853,60
1101000011001011111100101101011010111101010011011100010111001000001010100111101110010011110010100001,-31.282564843012302,65
1000011000101011111110000010001111101100010100111001110011111011000000100110111110011101000011100110,-32.097749835321736,70
1110011011001001111011110010111100101101110001100010010100101111110011110111110110010011111001111001,-37.6624384761131,75
1010110110001011111011010010011110100101110011111001010001111011100111000010111011110001011111101011,-35.19723593846669,80
0010010111101011110011010010001110000101110110101001111100111011100010100101101010010011011011101101,-38.18169610233426,85
1100010111001011011010010010010110101101110001100001010001111010100010100111101110010011011110101001,-36.95063459252543,90
1010010111000011111110010010011110001101110011101011110001111011100010100111101110010011011011101101,-36.248579336248355,95
0101101000110101000101101001100001010010101100011110001110000100011101011000111001101100100100010010,-29.738162811329474,5
0101101000100100000101101101100001010110001100011110001110000000011110011010011011100100100000010010,-31.124897133237763,10
0101101000110100000000101001101000100110001101011010001010010100011101011000011000101100100100000010,-30.027334390897764,15
1101101000000100000101101100100001010110001100101010001110000100011011001101110001100110110101000000,-32.47636721251615,20
0101001100100100011101101001101001110110110100011100001010000101000000011100010011001100100111011010,-31.02209619971136,25
0111001101100101000110101101101101000011011000111111011110000100001110011110100001101111000001011010,-30.996842767757606,30
0100111111100100100101011001101100010001100110010010000011001010001101011010000101010100101100110010,-34.66376530796563,35
1001101000000101100011011110111010101010111000111110001010010110010100010000000001011010001100101011,-34.17513769098743,40
0101011100010101100111100100110001010110010101110101010101011110010011111100101000011000011000100100,-35.03840187841221,45
0010100101110101101011000100111010010110001000110000111100001111010110000001110110101110110011111101,-36.10447913156049,50
1001010100001100101100011011010111000100100101011110100010101011110001101101111111110100010011110001,-33.82885575525939,55
1010111111011101101000010010110001010001111110001001011010100010101000000111000111110110010001101001,-38.45747858955562,60
1000010000011011111000000100101011101101110111100011001100110011100011100011101110111010100000010001,-35.26291424833336,65
1100110001001111011010001010010100011000100011000001101111111111101011100101111110110011010011101011,-36.58788294513365,70
1010010111001011011010011010001010000101111010100111111101111011100010001000011111110010011001001111,-34.49039900386914,75
1110001100000101111010110010001111101101110011110000110001011010100000101111101110010010001011101111,-35.49385154353662,80
1110110111011011111111010011011101101101110011101000110101110011100011100111100110010011010011101101,-37.13101315187187,85
1011010111000011111010010010011110101100110110100001110000101011100010100111101110010000011001101101,-35.23582227159635,90
1010010111001011110010010010011110101101110011110001110001111011110010010111101110010011011011101101,-38.37181921997744,95
0101101010110100000101101101100001010010001100011010001110000100011101011000010001101100100100010010,-29.81233336533354,2
0101101000110100001101101101100011010010001100011110001010000100011101011000010001101100100100010011,-29.779659127019784,4
0101100000000100000101101101100001010010011100011110001110000100011101011010010001101100100101010010,-29.764046801697187,6
0101101000110000001001001001100001000010001100011110001111000100011101011000010001101100110100010010,-29.98780896586596,8
0101101000110100000101101101110001010010001000011110001110000100011101011000010001101100100100010010,-30.490648553917808,2
0001101000110100000101101101100001010010001100011110001110000100011111011000000001101100100100011010,-30.132732947382557,4
0101101000110101000101101101100001010110000100010110001110000100011101011000010001101100100110010110,-31.00294663805173,6
1101101000110100000101101001100001011010001100011110001110000000011001011001011011101100100100010010,-31.428207208303668,8
0101101000110100000101101101100011011010001100011110001110000100011101011000010001101100100100010010,-29.781917323827173,2
0101101000110100010101101101100101010010001100011110001110000110011101111000010001101100100100010010,-30.71955736712436,4
0101101010110100100101101100100001010010001100101110001110000100011101011100010001101100100100010010,-30.310605109881543,6
0101101000110100000101101000100001010010001100011110001110010100011101001000010001001000100000000010,-30.19945050480436,8
0101101000110100000101101101100001010010001100011110001110010100011101011000110001101100100100010010,-29.817147228265853,2
0101101000110101000101101101100001010010011100001110001110000100011101011000010000101100100100010010,-30.06929044429732,4
0110101000110100000101101110100001010010001100011110001110000100011101001000011001101100100100010010,-29.6386863378967,6
0101101000110000000111101101100001010010001100011110001110000000011111001001010011101110100100010010,-30.37631815290268,8
0001101000110100000101101101100001010010001100011110001110000100011101011000010001101100100101010010,-30.038399637363877,2
0101101000110100000101100101100001010010001110011100001110000100011101011000010001101100100110010010,-30.783526551214052,4
0101101000110100000101101101100001010110001000011110101110001100111101011000010101101100100100010010,-30.185350518542077,6
0101101000110110000101101101100001010010001100011110001111100100011101101110010001001100100100010010,-28.602997319111232,8
0101101000110110000101101101100001010010001100011010001110000100011101011000010001101100100100010010,-30.132125936529775,2
0101101000110100000101101101100001000010001100011110001110000100011111011000010001100100100100110010,-30.176271721677104,4
0111101000100110100101101101100001010010001100011110001110000101011101011000010001100100100100010010,-31.390980986997707,6
0101101000010100000101101101100011010000001100001110001110000100001101001000000001101100000100010010,-29.23011490662475,8
0101101000110100001101101101100001110010001100011110001110000100011101011000010001101100100100010010,-29.22405294499604,2
0101111000110100000101101101100001010010001100011110001110000100010111011010010001101100100100010010,-30.805904733406134,4
0101101000110100000101101001100001010011000101011110001110000101011101011000010001101100100101010010,-30.372925250971605,6
0101001000110100000101101101100001001010001100011111001110000100011101010010010001101000100101010010,-29.959316108812942,8
0101100000110100000101101101101001010010001100011110001110000100011101011000010001101100100100010010,-28.93475095176214,2
0101101000110100000101101101100001010010001100001010001110000100011101011100010000101100100100010010,-29.84198950576147,4
0101101000110100000101111001100001010010001100010110001110000100011101001000010011101100100000010010,-30.535714354143828,6
0101100000010100000101101101100001010000000100011110001111001100011101011000010000101100100100110010,-29.62942569968331,8
0101101000110110010101101101100001010010001100011110001110000100011101011000010001101100100100010010,-29.876400073564675,2
0101101000110101000100101111100001010010001100011110001110000100011101011000010001101100100100011010,-29.776299383373342,4
0001101000110100000101101101100001010010001101111110001110010100011101001000010001101100100100010011,-28.86336001844717,6
0101101000110100000101101101000001010010001110011110001010000100011100011010010000101100110100010011,-29.883861269811796,8
0101101000110100000101101101100001000010001100011110001100000100011101011000010001101100100100010010,-29.573320346579546,2
0101101100110100000101101101100001010010001100011010001110010100011101011000010000101100100100010010,-30.54874496482908,4
0100101010110100000101101101100000010010001100001110001110000100011101011000010000101100100100110010,-30.877375704348232,6
0101101000110110001101100101100001010000001100011110001110010100011101010000010001101100100001010010,-30.710080325310138,8
0101101000010100010101101101100001010010001100011110001110000100011101011000010001101100100100010010,-29.795036343701835,2
0100101000110100000101001101100001010010001100011110001110000100011101001000010001001100100100010010,-30.453863541972392,4
0100101000110100000111101101100001011010001100011110001110101100011101011000010001101100101100010010,-29.726655059716084,6
0101111000100100100101101101100001010010001100011110001010000100011001011000010001101110100000010110,-33.31005342218171,8
0101101000110100000101101101100001010010001100011110001110000100011101011000010001101000100100011010,-30.44494807038259,2
0101101000110100000101001101101001010010001100011010001110000100011101011000010011101100100100010010,-30.710117532646688,4
0101101000110100000101101101100001010010001100011110001110001100011111011000000101101100100101011010,-30.22605240681231,6
0101101000110000000101101001100101010010001100011110001110000100011101010000010001101101000110011010,-30.20323697045837,8
0101101000110100000101101101000001010010001100011110001110000100011101011000010001101100100100010110,-29.959109172649534,2
0100101000111100000101101101100001000010001100011110001110000100011101011000000001101100100100010010,-31.011309928542527,4
0101101010110100000101001001100001110010001100011111001110000100011101011000010001101100100100110010,-30.610942390820927,6
0110101000110100001101101001100001010010001000011110001100000100011101011000010001001100100100011010,-31.596495466351204,8
0101101000110100000101101101100001010010001100011010011110000100011101011000010001101100100100010010,-29.501828290521672,2
0101101000110100000101100101100001010000001100011110001111010100011101011000010001101100100100010010,-30.09705575813282,4
0111101000110100000111101101100000010010101100011110001110000100011101011000010111101100100100010010,-29.750753957119446,6
0100100010110100000101101101100001010011001100001110001110000100011111011000110001101100110100010010,-30.332470826580767,8
0101101000110000000101101101100001010010001100011110001110000100011101011000010001101100110100010010,-29.672538063831897,2
0101111000110100000101101101100001010000001110011110001110000100001101011000010001101100100100010010,-30.84838671419099,4
0001101000110100000101101111100001010010000100111110001111000100011101011000010001101100100100110010,-29.367242928329237,6
0101101001110100000101001100100001010010001110011110101110000100011101010100010001101100100100110010,-29.716746707610355,8
