0101101000110100000101101101100001010000001100011110001110000100011101011000110001101100100100010010,-7.01484367791855,2
0111101000110100000101101100100001011010001100011110001110000000011101011000010001101100100100010010,-10.850810267719991,4
0101101001110100000101101101100001010010001100011110011010000100011101001000010001100100101100010010,-19.33368711466495,6
0111101000110110000100111101100001010010001100011010001110000110011101011001010001101100100100011010,-17.97406973470226,8
0101101000110100000101101101100001010010001100011110001110010100011101011000010001101100100100011010,-4.983613547086471,2
0001101000110100000101101101100001010010001100011110001110000100011111011000010001111100100101010010,-14.694785023376646,4
0101101001110100010111101101100001010010001100011110001110000100000101011000010001101100100000010010,-16.468756233733018,6
0111101000110100010100111101111101010010001100011111001110000100011101011000010001101100100100010010,-24.421904827228953,8
0101101000110100000101101101100001010000001100011111001110000100011101011000010001101100100100010010,-6.5333260447789785,2
0101101000110100000101101101100001010010001100011110001100000100011101011000010001001000100100110010,-14.604606850852392,4
0101101000110000100101101101100011010010000100011110001110000100111101011000010011101100100100010010,-16.081229711173577,6
0101101100110100000101101101110001000010001100011110001010010101111101011000010001101100000100010010,-21.31675723019262,8
0101101000110100000101101101100001010010001100011110001110000100001101011000010001101100100000010010,-6.444908270696523,2
0101101000110100000101101101100001010000001110011100001110000100011101011000010001101100100100011010,-8.368392147947675,4
0100101000110100000101101101000001010010001100011110010110000100011101011000010001101110110100010010,-19.96166866608113,6
0101101010110100000111101001010001010010001100011110001110000100010101011000010000101100100100000010,-22.813210770792843,8
0101001000110100000101101101100001010010001100011110001110000100011111011000010001101100100100010010,-6.757040604463203,2
0101101010110100000101101101100001011110001100011110001110000100011101011000010001001100100100010010,-13.265339009989397,4
0101101000111100000101101001100001010110100100011110001110010100011101011000010001101100100100010010,-20.782220118308068,6
1101101001110100000101101001100001010010101100011110001010000100010111011000010001101100110100010010,-27.127512102091213,8
0101101000110100000101101101100001010010001100011110001010000100011101011000110001101100100100010010,-9.446581573595878,2
0001101000111100000101101101100001010010001100010110001110000100011101011000010001111100100100010010,-13.229626644969736,4
0001101000100100000100101100100001010010001100011110001110000100011101011100010001101100100100010000,-13.660576159582757,6
0101101001110100011101110100100001010010001100011110001110000100011101011000110001101100100100000010,-18.906239869864613,8
0101101000110100000101101101100001010000001100011110001110000100011101011000010001100100100100010010,-4.755936949549145,2
0101101000110100000101101100100001010010001100011110001010000100011111011000010001101100100101010010,-15.102751862596163,4
0101101000110100000001101101100001010011001100011110000110001100111101011000010000101100100100010010,-22.007991890387586,6
0101101000110100100000101101110001010000001100001110001110001100011101011001010001101100100100010010,-21.344034780279785,8
0101100000010100000101101101100001010010001100011110001110000100011101011000010001101100100100010010,-5.702552484679681,2
0101101000110100000101101101100001010010001100011110011110000100011101011000010001101000101000010010,-13.698779008605804,4
1101101000110100000101101101110001010010101100011110000110000100010101011000010001111100100100010010,-17.148821167352796,6
0101111000110100010101001101100001010010001100011110001100000100011101001000110001101101100101010010,-33.08510036581071,8
0101101000100100000101101101100001010010001100011110001110000100011101011100010001101100100100010010,-6.311358407918652,2
0101101000110100000101101101100011010000001100011110001111100100011101011000010001101100100100010010,-11.067023859881266,4
0101101000110110001101101101100000010010001100011110001010000100011111011000010001101100100100010000,-18.669379541610564,6
1101101000110100000101101101100001010010011110011110001111000101011101011000010001101101110100010000,-21.81399836300893,8
0100101000110100000101101101100001010010001100011110001110000100011101011000010001101100101100010010,-8.50387705409215,2
0101101000110100000101101101110001010010101100011110001110000100011101011000110000101100100100010010,-11.33189487078207,4
0101001000111100000101101101100001010010000100011110001111010100111101011000010001101100100100010010,-13.824038306920889,6
0001101000111100000101101101100001010000001100011111101110000100011000011010010001101100100100010010,-17.211790370221703,8
0001101000110100000101101101100101010010001100011110001110000100011101011000010001101100100100010010,-6.1806694850316495,2
0101101000110110000101101101100001000010001100001110001110000100011101011000010011101100100100010010,-14.15598287097533,4
0101101000110100000101101111100001010110001100111110011110000100011101010000010001101100000100010010,-18.757194716373913,6
0101101001110100010101101101100001010011001101010110001110000000111101111000010001101100100100010010,-21.463840887065867,8
0101101000110100000101101101100001010010001100011110001110000100011101011000010001001110100100010010,-11.856476597520473,2
0101101000110010000101101100100001010010001100011110001110000100010101011000010001101100100100010010,-11.59870857813237,4
0101101000110110000101101101100001010010001000011100001110000100111101011000010001101100110100010011,-22.348948537307376,6
0101101000110100000111101000100001010010001100011010001110000100011101011000000001101100110101010110,-27.463625274804883,8
0101101000110000000101101101100001000010001100011110001110000100011101011000010001101100100100010010,-6.760963086918691,2
0001101000110100000101101101100001010010001100011110001010000100011101011010010001101101100100010010,-12.156908342092315,4
0101101010110100000100101101100001001010001100011110001110000100011101011010010001101100000100010010,-15.237523332559412,6
0100101000110100000101101001100101010010001100011110001010000100011101011100010011101110101100010010,-29.80475382665146,8
0101101000110100000101101101100001010010001100011110001110000100011101011010000001101100100100010010,-4.827792353566485,2
0101101000110100000101101101000001010010101100011100001110000100011101111000010001101100100100010010,-12.597030050437487,4
0101101010110100000101101101100101011010001100001110001110000100011101010000010001101100100100010000,-12.167581855639721,6
0101101100110100000101101101100001010111001100010111001110000100011101010000010101101100100100110010,-25.245350378263378,8
0101101000110100000101101101100001000010001100011110001110000100011101011000010001101100100101010010,-9.670595621824818,2
1100101000110100000101101101100001010011011100011110001110000100011101011000010001101100100100010010,-17.843657211317286,4
0101101000110100100101101101100101010010000100011110001110000100011101011000010001101000101100011010,-14.31433094052758,6
0101101001111100000101101101110001000010001110011110001110000100011101011010010000111100100100010010,-19.990323183240378,8
0101101000110100000101101101100001010010001100011110001110000000011101011001010001101100100100010010,-6.394366219845262,2
0001101000110100000101100101100001010010001100011110001110000100011101011000010001101100100100110000,-7.658685934378857,4
0101101000110110000111101001100001010000001100011100001111000100011101011000010001101100100100010010,-23.06421196440894,6
0101101001010100000101101101100001010011001100111110001110000101011101011000000001001100101100010010,-23.619484144762257,8
0101101000110100000101001101100001010110001100011110001110000100011101011000010001101100100100010010,-8.228676895667252,2
0101101000111100000101101101100001000010001100011110101110000100011101011000010001101100100000010010,-12.37311548490022,4
0101111000110100000101101101100001010010101101011110001110001100011101011000010001101100111100010010,-21.183012210495416,6
0101101010110100000100101101110000010010100100001110001110000100011101011000010001101101100100010010,-16.764028658223832,8
0101101000110100000101101101100001010010001100011110001110000101011101011000010001101100100100010011,-9.225769386858294,2
0101111000110100000101101101100001000010001100011110011110000100011101011000010001111100100100010010,-15.31134114584404,4
0101101000110100000101101101101001011010001100010110001110000100011101011000010001111100101100110010,-19.063666429105535,6
0101101000110100000011101101100011000010001101011110001110100110011101011010010001101100100100010010,-20.364847099571872,8
0101101000110100000101100101100001010010001100011110001110000100011101010000010001101100100100010010,-5.5046278535995485,2
0101101000111100000111101001100101010010001100011110001110000100011101011000010001101100100100010010,-18.403987937290257,4
0001001000110100000101101101100001011010001100011110001110000100011001010000010000101100100100010010,-11.266754458880373,6
0101111000110101000101101101100001010110011101011110011110000100011001011000010001101100100100010011,-25.437338013919796,8
0101101011110100000101101101100001010010001100011110001110000100011101011000010001101100100100010010,-3.9683848947187053,2
1101101000110100000100001101100001010010001100011110001110000100011101011000010001101100100100000010,-11.629498761381834,4
0000100000110100000111101101100001010010001100011110101110000101011101011000010001101100100100010010,-14.01685716284284,6
0101111000110100000101101101101001010010001110011110001110000100111101011000011001111100100000010110,-25.114114930831878,8
0101101000110100000101101101100001010010001100011110001110000100011101011000010001101100100100010010,-2.517688848867121,0
0111101000110100000101101101100101010010001100011110011110000100010101011000010001101100100100010110,-11.616900399044768,5
0111101000110100000100111101100001110010001100011110001110000101011101001000011001001100100001010010,-31.973357803527705,10
0111101000110101000101101111111001000111001100011110001110000110011101001000010010101100100101110011,-47.1521703648011,15
0101101000010101101101101101110001110011100110111110001110000100001101011010111011001100111000010010,-50.391358548847705,20
0001101001110001000001001001100000010011100100010110010000001100011100101100011001101010000100010010,-71.21885199520642,25
0001101010110000100101111010100001010011101100101110011010111110101100010100110110101110000100010000,-74.01245111077884,30
0101000001100111100101101100100000010101001100011110110011011100000101100110111101100110100100110101,-80.20948253630968,35
1111011001101111001111111100101101110000001010011000100110100101011011101010010100110111100100100001,-91.90750536469429,40
1101101000110110011011111100011111011111101011010110001010010011100010010100110001001011111110001000,-99.32335885377088,45
0010000101001000010110000110001000011111111111000011001011100110100001101011011011111101101100011010,-104.47010454598498,50
1101110011101010101110010000011110010101111000011001011101001110000011000011000111111110101100111000,-126.4664697084083,55
0011111001000101111111100010001100101111011011101100011101011001101011001101000110000001000001100001,-143.76244741882584,60
1001100101100010011000000000011111001100010101110001001001110111100110100001111100110110110010101101,-137.97150265270918,65
1010000110011001101011111000101110100100010011110000111011111001100010100110011011011011111101111111,-149.0278064270921,70
1110011110101000111100010000111100110101111011000001110101011011111011100111101110011011010011000100,-164.26027004951877,75
1010011101000011001000011010011111100101110101110001010001100001101010100111111110000011011011001101,-179.92648432872136,80
1010010101011101111110111110011110101101010011100001100011101011001010100111101110110011011011101101,-179.02956841353114,85
1010010110001011111010010010111100001101110101100000110001111011100000100111100110000011011011101101,-190.30843404989778,90
1010010111001011111010010010011110101001100010110001110001111011110010100111101110010011011011101101,-199.49146886211034,95
1010010111001011111010010010011110101101110011100001110001111011100010100111101110010011011011101101,-208.03616154981157,100
0101001000110000000101101101100001010010001100011110101110000101011101011000010001101100100100000010,-10.249453967994347,5
0101101000111100011101101101100000000000001100011110001110000000011111011000010001111110100100010010,-27.942672546441358,10
0101101000111000000101100100100001010110000100001111001100000100011101000000011001101101100001010010,-43.26964590343234,15
0101101000111100011101001100100000110010101100011110001110000000100101011111010011001101101100110010,-45.58331855184761,20
0101001101110100001011101000110000010110100000110110010110011110011001011000011001111100100100110010,-55.452489494503105,25
1100101100100110010101001100110001011010011101011010100011000110110101111001100000111100010110110010,-65.8378359692034,30
0101111100110110100101010110011010000011001100011001000100010110011100111111000011100101100111000010,-80.37799426095177,35
1001000000111001111100001000111001010010101001000011100000001100010000110011010101101110100101110000,-91.4523413766407,40
0100010011100001000001001000110000011001101111000000001110001000000100100001110010101001110011110011,-104.86334171283119,45
1000111001111000011000110110110100000111111100100110100100110000101011000111000001011101001000010100,-117.1442483426622,50
1001001010000111111011000111101110101010110101101011110111001000111101101110011100110001101011010111,-118.47721828003908,55
1001010011011011110010010101101100100010111010111001000001011101110101100100010100110001101011110101,-133.49398391213268,60
1110010011100111111001001110011011100101010110101000111011100011000010110011101111110101111010001010,-129.50655088617356,65
1110111111001111110110111010010100001101110011111101100000110000000010000011101101001100011011101001,-158.66193096050435,70
1100010111011001110111010010001110011110110001101001110101101101100010100011011111010011011110111101,-162.9959553121274,75
1011010111001011111010001110111011100101010110100001111001101111101010110101001110010111001011101101,-167.73223390065354,80
1011111001011111111010010010011010001101110011110001110001011010101010100101101100010011011011101101,-188.6537996386584,85
1010010110001011111010010010011110101001111111000011110001111011100010100100101110010001111011101101,-187.44021301817278,90
1010010111001011111010010000010110101001110011100001110001001011100010100111101110010011011011101101,-197.80453328470216,95
0101101000000100000101101111100011010010001000011110001110000100011101011000010001101100100100010010,-14.476191721449068,5
0101001001100100000101101101000001010010001100011010011110000100111101111100010001101100101100010010,-23.432623270907182,10
0001101000100100000101101100100000110010001101000110001110000100001101111010010111101100100100000000,-33.735988073978476,15
0101101000110000001001111101000001010011001100011011100011010100011101111100100001101110100110011010,-44.423279015361715,20
0101101111000100010001101001000101010010001000100111001110000101111111011001010010000100001100010010,-64.29239187933608,25
1101101010110110000001101101101001010110011100100111101111100000010101110100001011001100111110001100,-69.08948920634941,30
1001100110110100110101001001101111010010001101011111110111010100111110100101110001110010100001010110,-81.80642020259977,35
0111001010100111000100110110100101011110111110001110101010110111000001000001011100111110101101000100,-80.33765118113696,40
0010011101010101000000000101100101011011110111010001011100001001100111101010010001101111111001010001,-108.10839263989286,45
0111100001101011000110111010101110101011111010111111001111100011011010000011000100111011010110010010,-114.75837146128221,50
0110000101110011011100110111000100001011100001100100111000100000011000000101110101111000111011100101,-122.13985310581033,55
1010001101000011100110110111110111000111110101010001100101011011000101100111000000001111100110111101,-126.41409375770421,60
1010010110001011111110011011111101110011001011000101101111111001111010101010011011010001011010110100,-143.05660667885363,65
1010000011011111110001010010000110101011100101000111100011110110101010100111111100011111001111001101,-151.17871183173585,70
1000110111011011101000010110011111001101111011001010001001111011100110101111100110100011101011110101,-159.23211942961075,75
1010010000001011111000010010111110101111110011100001100011111111110000111010100010010000011111101101,-171.11407053561538,80
1010011011001011110010010010010010101001110111100001010001011111101010100111001110000001011011111101,-182.82078775747192,85
1011010111001011110010010110011110101101010011100011111000111011100010100011100110010011011011101100,-184.94233110679176,90
1010010111001011111010010010011110101101110011101001110001111011110110100110101110011011011011101101,-201.94698937619265,95
0101101000110100000101100101100001010010001100011100011110010100011101011000010001101100100100010011,-15.243567491454282,5
0101101000110100000101101101000101100010011100010110001110000000111101011000010001101100001100010010,-30.417300393812976,10
0001101000110100000101101001100001011010001110000110001101000100000101010000000000101100100101110010,-32.340791894156325,15
0101101000110110000111101001100001110111001100001110000010000100111100001001100001101101101100111110,-59.61232139417602,20
0101000000010100000101111111010001100011001100111111000110011110001101010100000001001110100000000011,-64.92449068902043,25
0101111000101011101111110110100011011110011000001110101111000000011111011000110011001000101101011010,-77.09760081587837,30
0101111001010100000100011111101111111011001011000110011010010000000111101111010101100110100100110011,-83.0676970238141,35
1101001010100111111000000100101110000010001100110101011000110100111001110010000001100100101100101011,-83.27258562611742,40
0100111100001100100001010001110011010011010111011111110010100111000000010001001100011100101011111010,-96.86928276360732,45
0100001110100101101111100000111100000010000010000011110101100100100010110110101100100000000100110110,-100.24459423646668,50
1010100101110111100100010110101011100100100011111000111110100111111010001110001011111111000010111001,-109.67510264428317,55
0011101001010111110110111001000111011011111011101001011101100001101000100010101110011011010011100000,-137.17020844973595,60
1011110101100111111000001111011110001001110001111001011101111111100101100011001000001000111110101001,-136.89848533528314,65
1010100110101010100010000001001010111111101001110001111011111011110110101110001010000111001011111101,-158.6682957905911,70
1000111111100011111000010010111001101001111000101001110001110011100010010100100110111011000011101101,-158.120903376039,75
1100011111011011101011010110001000101101100011001001110001101011101010101111101010110011011011110101,-170.98023010335976,80
1010010101001010111010110011010100111101111011100001010001111011100010101111101010000011001010100101,-182.4899848400222,85
1010011011000011111001010010011110111001110011100001110001111011100010100101001110010011011011101111,-189.23702242726318,90
1010010111001011111010010010011110101001110011100001110001111011100010100111101100010010011111101111,-197.15440250469138,95
0100101000110100000101101101000001010010000100011110001110010100010101011000010001101100100100010010,-12.661953429248296,5
0101111000110100000101101001100000010010001100011110001010001100011101011010001000001100100100010010,-35.85094191841388,10
0001101000010100000001101001100101010000001100011111000110000000001111111100010001001100101100010010,-41.74935004479263,15
0101101001110000000000101101111000010010001100011010001100010110101001111000001000011100100100010010,-46.00154897241721,20
0101001001110100000011011101101010011011001000010110011010000000011101011000010100001111000101111010,-70.9109692553178,25
1101100100000110001101101001010001010110011001011000101100000100011000010000000111001100011110010110,-78.29788261215104,30
0111101001111100001101100111110000011100001011101011001110010000110101000001000101000011101110010000,-78.7871913557598,35
1011011000100010111101101000100001000011001100010000001111100010100101110101110001010001010000110110,-94.05389528192494,40
0111001111010011111001101011100010000000100100001110111010101100110111010010101101111111110111100110,-93.64713274402646,45
0111111010100101101011011001100110110100000111010101010001110010001111101100010101111101111010101100,-107.8526463438934,50
0000000001100011010010111001001110100110011011010010010100011001100001000010101011111100001111100110,-121.5477907785268,55
0110011111111001001110111100111001100111000110100101110101011010111010110100111100011011110000101001,-133.97463265244082,60
1010010010001010110011011111110111101101001001000011111111001101000011110000101110011001001010101001,-141.24705698337257,65
0011011110001111111101011111011111101100011011000001110001111010111010100111111100010010001100010001,-156.4504906236778,70
0011011111001001111000001111001110100101110111100001100001101110101000100110111110110001010000101101,-160.08270280897992,75
1011010111001010011010010011011011101101110111111101110011111111100010110111001110101010011011011101,-166.80083902078655,80
1010000111000001110110010010011110101101010010100011110001011001100010100111101110011010011011010101,-182.77224105987312,85
1011110011001011011010010010001110011101110011100001110001111011100010100111111110010011111010101101,-189.87538705361462,90
1110010111001011111010010010011110101101100011100001110001111010100010000111101110010011001011101101,-199.83203785304204,95
0101101000110100000111101001100001010010001100011111001110000100011101011110010001101100100100010010,-19.921136999109056,5
0101100100110100001001111101100001010010001100011110001000100100011101011000010000100100100100010010,-20.88955797253274,10
0101001000110110000100101101000000011000001100011110001110000110010101011001100011101100101100010000,-34.263485027090354,15
0101101000010000001101101101100001000001001100011010000010010001011101111010001101001100110100010000,-48.955726624505374,20
0111111000110100000111110101111010010010001101010010001110010000001001011000110100111000000001000010,-65.03439191235101,25
0111101011110011010101100101111001100001101100010110111110000001010000010100011001101100001100110000,-64.53989102367858,30
0001001001010110001010101101101101110000101000001110011100100000011011011100100000100111100000101001,-78.08558588193029,35
0001110100110110101110000111100111000010100100001000000001110111011100101001010111100101101101110011,-93.01840762251116,40
0000001111100100001010100111011100100000000010001010100000000110111001011001010101010010001100100110,-99.77234655709219,45
1110111010001011011000101101110100110001100010001000111111110001011101010000001011110001010110101110,-99.095703822599,50
1011011111100011000010010101101011111001001101001001110100010111101111100010110010100111111110100000,-115.39787696595171,55
1110010010010011111011001010001101111000111101101101111011110010111110111010001111000110101011110001,-134.18972261671527,60
0010111011001010111100010001100100111001111011110000110011101011100011110100101101011000101010000001,-141.46314807001377,65
0010111000001001110010010111000110111101010101101101110001111001010100100101101110000011001111100011,-161.10187900490985,70
1010010111011010011010110000110110111001110101100001101001111111100100001000101010010011010001101001,-168.6046091915517,75
1010010111001001101110010011011110101101111111100011110000011111100001110010100101010011011000101101,-171.60058961575734,80
0010000101001011111011010011111110101101010011000001110001111011000001100101101100010111011111101101,-180.99374300740547,85
1010010111001011010010010010011001101101000011100001110001111011000010100101101110010011011010101101,-190.76927600015838,90
1110010111001010111010010010011110101101110010100001110001111011100010100011111110010011011011101101,-202.96112598236272,95
0101101000111100000101101101100001010010001100011110001111000100011101010000110001101100110100010010,-16.880138547124492,5
0101101000110101000001101101011001010110001100011111001110000101011101001000010001101100000100010010,-35.09056973599673,10
0101101000110100100111101101100001011010100010011110001110000100001101111110010101101101110100000010,-33.87689707362308,15
0101101001010110000100001100100001011010101000000111101111000100011001011011010001001100100110000010,-45.68462770549949,20
0111100000110100100111111011110010100011000100010110101111000100111001001000011001100000100101010011,-67.06095732835708,25
0100101000011100010111111100000000010011100101111100011110000111111011011010011101100110111100110011,-73.63875540577953,30
1100000001110000011111000001100101000110011100001110101010011100000000101000010001011110011100110110,-88.393665607898,35
0000111111101100101100001111001011010010100000010001000001000010011100110000001001111110100010001010,-83.70799895610111,40
0101001001111001010010111100110101111100000111000000000111001010111010001000101101111110101000001011,-103.0121432472333,45
0000001100001000101001010001000010010011010111000111011100011101000011110101000000101001110111011101,-106.91189657724867,50
0110010011111001100011010111101011001101111001011101001001000011111010001011001010010100111111010110,-121.42947665338961,55
0110010100001101001110001000011001100001100011000101010111110000100110111111110100001111110111111100,-128.20923305806244,60
0111001110000101110000011011001100001001110011110101010001111011000000001011001010001010110001100100,-137.21578636782067,65
1110010111111001101010010000010011001101010111001101000001010111101011101100101110010011010101000101,-156.51319629655822,70
0110010101001011110010011110011011101011110001100001101101001001100010100110101110010001100001110101,-166.78972177945306,75
1010110110000111111010011010011100100101110011110001110001111101110100100010101010110011000111101101,-168.42392096136578,80
1110010111000000111010010110011110101111010011100011111000101011100011100111101110100011111011101101,-171.89788028838632,85
1010011111001011110010110010011110101101110011110011110001111011100010110111101110011011111001111101,-190.44117096345815,90
1010010111001011011010010010011110101100110011101011110001111011100010100111101110010011011011101100,-193.31314801251827,95
0101001000110110000001101101100001010010001100111110001110000100011101011000010001101110100100010010,-16.345191990779583,5
0101101001110000100101101101100001100010001101011110001110000100011100110100010001101100100100010010,-21.6447391727676,10
0101100000101100000101101101100000111010101100011110100110101100010101111000010001101100100100111010,-32.09383870321716,15
0100101000110011000101101101111101010010001100011100011010010100111101001110001001101101100100000011,-53.19111197752476,20
0111001001011000000111101110000101010010011100011011111110001100011010011011110101101100100100010011,-67.04548249641763,25
1101111010101100101100101100100010111011111111001100101110101111011001011000001101101100101100010010,-64.88448495731643,30
1010101001010101100101100001001011010010010100011111101100000110111010110010010111011100110100101000,-86.32321344697037,35
0111110111000001001101111101100001100010100110101010111100110010011001001011000110101101000000110110,-75.9740795778793,40
1110001000110010100111101110110101010000100000110011111110010011111101110110000000010011000111011001,-96.77069156101696,45
0011011111010110111001010010110101110010000010010001110000011000011111101011110001100101100001011111,-116.59703624666557,50
0000010001110011111000111000111010000000010010101111110000000000110110011001110011010110110001111101,-129.961809241813,55
1011000000011011001000001000010101101010100001110100111011110000100000011001100111000011110011101001,-129.94586414472263,60
1011011011010000111010010010111000111011101100100101100101000011110001100111000100011011011011010100,-143.7302653721656,65
1000010111001000111011011110011110111001010010010011001111001001100011000001101010011000011010101101,-150.53975416902836,70
0010000111010110111000011010001110001101111111100101011011111000100011110011101110110011001011100001,-158.88711162867745,75
1010011110011111011100100010001100101000110011101001111001111011000010100111001100010011011011101000,-164.28904563002897,80
1010010111110000110010010010011110101101111010101101111100110011100010100111101110010011011011111101,-180.84910224779475,85
1010011111001011111010010010111110101101010011000001110000111010100010100110101110110011011011100001,-190.57190202707068,90
1010010111001011111010010010111010101101110011100001110001111010100010100111101110000011011011101111,-200.04147027061146,95
0101101000010100000111101101100001010010001100011010001110000100010101011000010001101100100110010010,-12.146844077689071,5
0101111000110000010011101101100101000010001100011110001110000101111101111000010001101100100100010010,-27.910291793986985,10
1101100000100110000101100001100001011110001100011110111010000100011101011010010001101110100010010010,-40.495009381982726,15
1001001000110101100101001111001001010010000000011110011111001100011111011000011001101111110100110010,-49.771405400882344,20
0110110000110000000100011001101101010110000000011111001110000100100111110100000001101100101100010110,-56.64390837998502,25
0001101000000100100001110110000101110010101000010110011111101000100101001000010001001001101100100010,-70.07532380685755,30
0001010100100000100001100100110001100110001011011111111110010100011101111100100011000110010000111010,-75.78175482309165,35
0001101011110000010100000010111001111111000111001011001110110101111001000110101100001100101100011010,-87.85797572215564,40
0001001100110010101000101110101010110010111111001100111101010100000100010010111111111010001110111111,-95.85053448896296,45
1111011001101110000100110110111011100101011100000101000110101101000100110110111110100010111100110100,-113.75263562456995,50
1000000001100010110110101001010101110101111011110010110101000101011110111111111101100010011111010101,-126.89518732652996,55
0110011011001011111111010101001111001001110111011011010010101001000101111101111011101011010001110101,-134.6646060420258,60
0110010111101001110110111010101111111101010001111000100101101110010010011111111000011001000011001101,-148.36674920281416,65
1010001000011110000010011010101110101100110001010001110010011011101110101111011110110010000011101101,-156.5401958129972,70
0010010101111001100010010010001110101101110000110011111111111000110110101101001100000011011011100101,-171.74764091541903,75
0000010111001011100110001100011111111001110011110101110001111001110010110111101100110011011011100101,-168.98814598176045,80
1110011110001110111010010010011111101101010011100101110111111010100110100111111110011011011011101100,-182.7832695671364,85
1010110111001010111010010010011110111101011011100001110011101011100011100111001110010011111011101101,-188.73534524301,90
1010010111001011111010010010011110101101110011100001110001110011100010100011101011010011011001101101,-198.60704029051706,95
1101101000110100000111101101100001010010101100001110001110000100011100011000010001101100100100010010,-15.320458310002849,5
0101101000000100000111101101100001010010001100001111000010000110011100011000010001101100100100010011,-29.804598996814086,10
0101111000111100001101001101100001010110011100010010001110000100011101001000010001101101110110111000,-37.79332436212299,15
0101011000111100010101001101110111010110101100001110000110000101011100001011010011001100100101010010,-57.43815831305489,20
0001100001100111100101101101100001110100001110000110110110010101001101111000010111100000100000010010,-52.574119037689634,25
0101000000010101110111111001110111011111101111010110001110001101100101001000000100111100100100010011,-74.830463340883,30
1001101101010101000101100001100000111011011100001000100011000100011000010011110001110000011100000100,-90.40095679989503,35
1010000000011101110100101000110100000010001101011110000111010010100100000000010100101110111101100001,-92.26391312189878,40
1111111100101111001011001000001100000101001111010011000110100000100000010000001010100011100101010010,-101.07049569410901,45
0010101111100000111110000100101010111010100101101111101000111111001011001000001010101110110110001100,-101.63572785949717,50
0000111110001001000011100100110100111001111001001011010101100000110010011010111110111011111110110001,-122.51187547272475,55
1010111001010010001101000110011000100111100000100001010010000010000010111111000111001011111110101001,-133.16255543112212,60
0011111111000110010000001010001010100000001011100000111001010001110010110110111110010011100101101001,-139.422352430253,65
0110010010101010110000101011010011101111110011001010010011111011101010101111001111010001011001111001,-160.65169700712335,70
1010010110001001011010100010101101101100100000000011010011111001110110010011101110010011011110101101,-161.47729239244867,75
1010011110100000011010010010111110000101110011110011000101111011100010110110100110010011001011101111,-169.05587014795748,80
1000010110100011111001000010010111101101100011100001110001101011101010101111111110010011011011001101,-183.77536646610415,85
1010010111001001111000010010011110100100110011101001111001111001100011110111101110010011011011101001,-184.06634707288936,90
1010010111001011011000110010001110101101110011100001110001111011110010100111101110010011011011101101,-200.03018395961627,95
0101101000110100000101101101100001010010001100011110001110000110010101011000010001111100100100111010,-8.811097567194322,5
0111101001110100000101101001101000110010000100011110001110110100001101011000010001101100100100010010,-28.867154755409057,10
0101111000011100000101101001100001010010001101001010010100000100010101011000010001001110101100010011,-50.826806077577835,15
0011001000111101000101100101100001000000001111011110101010100111001101011001110011101101100100010010,-37.797002856017905,20
0111111011100110101111001101101101011010101110011110101100001000011111011000010001100110110100010001,-64.21489130118071,25
0101101000111100011000110101110001110000111010011110001100011111110011010000000011011101100100010110,-67.46419405823225,30
1100010101101100001100000000000001011001101100010110110100000000000101001000011000111100110100010001,-80.53208742271097,35
1000000000100111000111001111101100000110110111001011001101010010001001100000010001100100110010011011,-89.3479162348934,40
0001100000101000111101100011110100010101010100001100111101000111101100010101010110000001001111011010,-100.0577322100635,45
1000100001010111011000000111001111101001101100010011111010000101000011111111110100111110011000000010,-110.51943965324502,50
0000100101101011011100010111010111101010010001101001010000101011010101101111010111101101101101000110,-118.5385056991116,55
1110010111000100001001010000000100011111111111101110100011011001000110100111011101000010101001111000,-131.43813628282317,60
1010110110011001110010000010111111111010111111100000110000111010000101010000000110101011011101111001,-142.86718883949646,65
1111100111100011011011111110011100001101111010100011110001111110101110110100010111010010111011001101,-153.3115076432888,70
1010000101100010111010011101011110101101111101100000111000111011000000101110110100010111011111100101,-167.4617210672263,75
0110010011001101111010011010001010101100111011010101110000111011100010100101001111011011010010101101,-172.4840419334669,80
1010010111001011111110000010000110111101010001110001100001111011100011010011101110010011000011101101,-180.12884555514233,85
0010010101000011111100010010011110101101010111100001110001111010100010100111101100010011111011101101,-188.846325045541,90
1010110111001011111010011010011110101101110011100011110001111011100010101110101110010011011011101101,-199.2724729403386,95
0101101000110100000101101101100011011010001100011110001110000101011001011000010011101100100100010010,-13.466022427182489,5
0101101010110110001001101000100001010010001100011110011110000100110101011000010001101100000100010010,-27.318596045245673,10
1101001000110000001100111101000001010010001000011110001110000100011101111100010001100100010110110010,-32.042369182358215,15
0101101011000110111101101111110000010000001100010110001111000100011111001000010001100101100100000011,-49.288922493649864,20
0001001000100100000101111101110111011011010100101110001011000100011001011101110001101111110100111000,-59.26941062776649,25
0100100000011100100100001101000011000010011100011111001010001100000100111000100010111001110001011110,-75.95506998216189,30
0011110111101000000111101101110001010110000100010110001111001111000000111101111111110000100000011010,-71.81246154726588,35
0001101100010100100111000101110010011111101001100111011101011110110011011011010011011000000110010111,-94.6280764973554,40
1111111001111100001101001001000010111110110101010011010001001110010010011000111001110011110111110001,-109.23302320625228,45
1001100101101011111011100001000000001110010111101111001000011100100001011101000011100101000001001001,-112.12777578678565,50
0011101111101011001100011111111111001111111001011101011110011001010110001110100110010010110101111011,-126.12014973364639,55
1010010110011110010001111011010111110111111011001101111101001101100010110011011100000110100011100110,-133.25788989717006,60
1000011011000011011110111111010010000101010010101111100011001011001000100011000010011011000011111001,-142.7131727769728,65
1100011011001011101011110010010110001001110111110010110000101110110011100011000110010100001001101000,-154.99896899586673,70
1010010110111000011001010010011111110101110010110111110001110010010000100101001110010011011011110001,-164.09752114920974,75
1010010111011001111011010010011111100101111110110111110001010011100010001111001110011101011011001101,-170.0838164734859,80
0110010011001011111010010010011010101101101111110001110001101011100110100111100110010001111111111101,-181.53683242378008,85
1010011111000011111010010011011110101101110010100010110001111011100110100101001110010001011011101101,-189.84134820124464,90
1010010111001011111010010010101110111101110011100001110001111011100010100111011110010011011011101101,-199.17632985826046,95
0101101000110100000101101101110001011010001100011110001110000000011101011000110001101100101100010010,-15.460181770299767,5
0111001000110100100110100101101000010010001100011110001110000100111101011000010101101100100100010010,-28.710707201982395,10
1111101000110100000101001111110001010010001000011110000010000100111001011000110001111110101100011010,-38.56149926374199,15
0001101000111100001101101001111001010010101100011100000110010110011101010010010011100110100111110000,-49.32476186084606,20
0100111001111100001101111111100111010010010110011010000110101100011001110000000001101110100000001110,-60.09802813398715,25
1101111000010110101101001001101001010010001100011101101100000101110110000101001101100100001110000010,-74.72088367180827,30
0110000001110000010100101100111011010010011110011111011100011110110101011101000111110100101100100101,-81.62537470470834,35
1000110000111101100010101001110011001011000100010010011010011101001111101001000001110000010101100110,-100.13810913092527,40
1100001100000100000110011110101101111111101101011011010101100011011000011101011001100010110111111001,-97.76488359862755,45
0011110010010000000100101001110100101110010111100001010001001001000011010101110001011000111001010000,-116.40854188565086,50
0010001110111001011101010000101111011100110011100100001111010111001110111011100001001010001111000101,-115.49554586428879,55
0010000111001100001011010010001000110101101010001010110111000010110010111110000101000000011010111100,-124.4725037616414,60
0100100101001100010010110010010011101100111111101001110001000011001110100111001011110111001101101000,-136.7277334433652,65
1000110111000000111110111011001000101111110011100001010011011010111110001101001110000101011111111111,-156.59570821126462,70
1011010111001111111001010010011010011101110010010001110010011010000010001111111011110011001111101011,-160.47126068898373,75
1011010111101101011010110110011110101101010011101011100000011001100000101111101111010011111010111101,-169.93111560499008,80
1010010111101011111010000010011110000100111010100001110001010000100010100111101110010110011001001101,-185.2034140829873,85
1010011111001011111011010110011110101101110011100001111001110010100010101111101110000011011111111101,-185.81897051292904,90
1010010111001011101010010010011110001101110011100001010001111011100110100111101010010011011011101101,-199.30926046924256,95
0101101001110000000101101101100001000010001100011110001110000110011101011000010001101100100000010010,-12.504032853681448,5
0100101000110100000101101110100001010010001000010110001110000101011101011001010001101100101111010010,-24.778772809896655,10
0001101010110100000001101100100011010010001100011110010110010100001100010000010001101001110100010011,-35.79875822596432,15
1111100000110011000101101100100001011010101100011010000101000100101111011000010000101100100110001010,-42.10193198776031,20
1000101000100100010101101101111001001011101100100011101110000111101001001100010001101100110100010010,-60.436518425503124,25
1001101000100100111100101011100101000011011111001110001101000000011101010100110001100101010110011111,-74.76758735566193,30
0011100101000100011101110100010101110010100000011110000100001110011100011000110011101000001010110101,-82.8613555833639,35
0100000100011101000101100100100011100111001111100110010000110100111101000010110010001101011000000000,-96.61549221064463,40
0000110110011100000000100111100010011101010100111111001011110001110101110011010100100101111110111100,-92.60171020640009,45
0000100001100010101101011011001010000010001010000101101001110110110110111100110011000000000000101101,-117.49971747603306,50
0001101110011011110110010010011010111010110110011101000001100111011011001101000000101111111011001110,-119.41284280443536,55
0110110101111111111010110111000010110000010101011010111001101011101110110010111111010011111000000111,-134.9755744835921,60
1110010100110111111010001110101110000000011101100001100001100010010111101101101110011010101011001101,-146.09845968657265,65
1110011101111010111000010110010010101100100010100010100001111101101000100110000010000111110011111001,-150.22258248201737,70
1000010111111011011000010011000010111100110011010011110000100011100110110110100100010010011111101001,-155.67959862112835,75
1001000111010001110111110010001111101101101011100001000001011011100110100111101110010011011011100111,-172.70958515354747,80
1011010011001011111010010010011110101101110011110111010011101011110010101110101110010011001010100100,-178.95984089408506,85
1010010111001011111010010010011110111101110011100001100001111111000000100101001010010001001011101101,-187.7670738887314,90
1010010111001011111010011010001110101101110011100001110001111011100011100111001110010011011001101101,-199.52207338171607,95
0101101000111100100101101001100001010010011100011110001110000100011101011000010001101100101100010010,-20.269419631974316,5
0110101000110100000101001100110001010010001100011110001111100100011111011001010001001100100100010010,-28.429268152290785,10
0101101000110000000100001001100001010110001100110110001110000100011101011010110000111100000101000011,-49.853232450304034,15
1001101100100100000111111101100001111010000111011110001111001100111001111010100101101100100100010010,-46.14877344723834,20
0101001000111100000110101001101011011010000100001111001011100000011111000001000010101101001100010010,-69.51476402289914,25
0000100000110110001001111101010011010000100110110110101000100000011100011010010001111101110101001011,-70.57473670553463,30
0001110100111101100001111001110101010100000000011000100110000100010101011100011110000100110011010101,-83.97832853147102,35
1111101001110101001110110110101101111000100100010110001000010000011111010110001001010111011000010001,-95.28646541682356,40
1010001000101010000011011011101010111000111101010111011101110110011011100001010000010110110000010010,-109.96886038711965,45
0101101001101100100111101010001101100000110100101101010010001001101000100110111110110001101010000110,-118.13684445627274,50
0010110101110101000001111011011100111011100010111001011011011001110010110111000100000101100101011111,-126.3817405173883,55
1100001101001111110111011100001011111101110010111100001101101111000011100010110111000011111010111110,-135.70867069000155,60
1011010101011110010010100010001110001101111011110101010011011101000001100000001110011100111101100100,-146.22272084573547,65
1010011101001011100000000110000010010111110010111001111010111010101110100111111100000001011111100001,-158.6687239296346,70
1010010011011011001010111101011000111111100001100001110001111011100010100110111000011001010000001101,-168.12427207352388,75
1010010110001011111010101110000010100001110011110101100101101111100010000101101110010011011111101111,-168.65854648650978,80
1000010111001001111010010010011100100011101011110101110101111011100010100111101110001011111111101101,-173.98275220400996,85
1010010111001011111010011010111100101101110111100001110101111011000010100111101111000011011111001101,-188.95412647477744,90
1010010111001011111010010010011110101101110011100001110101110011100000100111101110110011011001101101,-193.02519723769245,95
0001101000110110000101101101100001010010001100011110001110000000011101011000010011101100100100011010,-14.596440076169849,5
0101101000110100110101101101100001010110011100011110001110000101011001011000011000001100100100000010,-25.450957853004287,10
0001101100010100000101101111101001010100001101010110001110000100110101101010010011101100100100010010,-37.42140712820485,15
0111111100000000000101101000100001001011001100011110001111001100010101011010110001101000101100000011,-59.90645564469187,20
1101111100110100000111001101100110000000001010011110100110000100101010011010111001111000100101010010,-59.87835052709672,25
0101100001000010000000111110100001100110101101001010001000000110100100111010110001100100100100010011,-67.00089739514192,30
1111010000111100000011010111100100000011001110000110001011000011001110010010011111101101100110010000,-75.96956670362457,35
1001000100100100100110001101000010010010111100101101110110100111011011011110000110110110010100110011,-87.66710474277251,40
0110111100011101100001101001100011001000101000011011100100011110011101110011000100111011011011101000,-104.92526336638348,45
1010100000001011011001100101001110100110110101111111010000101101001101000000001011111100111011100010,-112.17142418576871,50
1010000000110010100010110110001101001011010111110001110101100000000101011010011110101001111001000101,-120.18215853969684,55
1011100110001000000110100010110001100111011111111011010101001001011010100110001110001010011001101100,-135.38250232176648,60
0000110111101011010010110111100100111001110100000011110111111111101111000111111111110110111011011101,-142.77334838891113,65
0010010111001111111010110110011110101100001011101101111001011101100111010111010110111000111011010001,-147.65570875672967,70
1010010101000010111011000010011001100100110011000010111111111111100000100110100110010000001011111111,-158.262533943848,75
1010011111001001011100010110011110100111110010100001010001111011100110101011001111000001001001101100,-168.87276908999917,80
1000010111001011111010000010011110101000110001000001111000001011010010100010101010010011011011101101,-181.1393214637359,85
1000110111011011111010010010010110100101110011100001110100111011100010100111101110000011011011101000,-186.189792410491,90
1000010111001011111010010000011110101101110010100001110001111011100010100111100110010011011011101111,-201.83836037223654,95
1101101000110100000101101101100001010010001100001110001100000100011101011100010001101100100100010011,-18.506758546413174,5
0101101110110100000101100101100001010010000100011110001110000000111110011000010001100100100100010110,-17.641188384734534,10
0101101100110000000101101101000000000010000100011110001110000110011101011000011011110100101101110000,-33.21297641197854,15
0101011100100100000001101011100011000001001001011110001100101000011111011000010001001100100100110010,-60.56616265801076,20
0101101100111010001101100001101101100010011111110010011100100100011101011000000000110100100100010011,-62.786307938224574,25
1101100000110101011111111001110011011000011101101100101110000100111101100011010001001101100101010101,-78.39700387770834,30
1011111000110110011100100111001101001011001110001111101110010110000111011101110101101001111000010011,-85.17948774029445,35
1100110001100100100101101110110100111110000111001000011110010101011101111111011101000111010100110101,-90.62251265033257,40
0111100000001010001100111100000010100010101001110110110101101110011110001101010010101001111011111010,-97.08355056317464,45
1000101111111001000100000110100101101011111101100011110000011010100000000001011000111000100000010110,-106.57327234997173,50
0100110111111011001100101111110111111100100000000011111001111110011001010110001111001001010001011101,-123.7786806328627,55
1101100111101010011000111101011000111101111010000111100001010110101011100101001010111010110000100101,-128.9359871160276,60
1000101111001000111111000011010010100101100011101110000011111001000100111101100011000011001010101001,-139.45389574661715,65
0010110011110100010111010000011111101101011011100110110001011011111010000111000100011011011111001101,-159.82842668197787,70
1110011110100000111000100011010110101100010101101101110000111011010010100111001110101011011011101101,-159.79675479689848,75
1110000011001111011010010110011110101100110110110001010011010111101011100111100010011011011011101101,-167.07140099759067,80
0010010111001011111000011010010111101110110011100001100011111011000010101011111110011011011001101101,-182.51212535404017,85
1010100111001011111010010110001010101101110001100001110001111010100000100111101110010010011011101100,-186.6999578622939,90
1010000111001001111010010000011110101101111011101001110001111011100010100111101110010011011011101101,-198.36170699811694,95
0101101000110100000101101101100001010010001110011010001110000100011101011000010001001100100110000010,-13.974828156348611,5
0101111000111100000101101101100001010010001100010110000110000110011101011010010000101000100000010011,-30.99399437088196,10
0101001111000100000101111011100000000010001101011110001110000110011001011000010001111100100100010010,-30.815028977836654,15
0101100100110110000100101001100111110011001001011110001110000011011110011000110001001100100010010010,-53.873322133865734,20
1101100000110100000101011000100001001010000111011110011110000110011000101010000001101110100101100100,-53.07113544704208,25
0101110000110101100101100011110110000001011011010110100100000111001101011000000001101100101110011000,-64.0091494340014,30
0110111100111000010101111111000000001010011101000110011111100110001100100010110001101001110000110001,-82.07333339237236,35
0100100000111111011111010111101010001000001100001110101110001101100101101101010001010010111101110001,-100.45427172000373,40
1111100111000101010001000010101001101010110001011000000001000101111101010011011101110100101101101010,-93.09068374806782,45
1100010001100100010100001000001101111010111010101000100000111111111010011110011011100101000001101010,-112.93249747908416,50
1011110001101000111110100010001010101000100100011001101000101110110001010100111001010001011101011011,-130.43977117941827,55
1000010101010011110000111000111101100001001101010000101000101010110010010001101011011111001110001101,-140.75579681855328,60
0101011001001001110000111010111110011000110011110011111001110011101001100001110111110011111101001100,-138.2712361712581,65
1000011111101111101001010000010110101111100010110001110000111010101110000111011111001000000011001110,-158.09923703699596,70
0011100110000011111010010110011110100111111011100001111001111011111011101100101110001001010000101011,-163.25560006481172,75
0010011111001110111010010011011100000110110011101010100001011011100000110111101110010001000011101101,-166.54414414375674,80
1000000111001001011011000011011110100101110011101001110101011011100010100111101000110011011010101101,-172.6373571651972,85
0010010111001011111010011010011110101101110111100001100001111010100010100111111000010001011010101101,-191.33058226357662,90
1010010111001011110010010010011110101111110011100001010001111000100010100111101110010011011011101101,-204.22834870208055,95
0101101000110100000101101101100001010110101100011111001110000100011101001000010001101100000100010010,-21.441071145003505,5
0101101000010101100101111001100001010010001100011110001010010100011101011000010001101000110101010010,-32.86450342982488,10
0101100000110001000101101100100011010000001100011110011111100110011101011000010001101110100111010100,-32.40045702875523,15
0111111101110100000101101010100001000011001100011110001110000000011101101000110011111010000010010010,-61.644493169199734,20
0101101000111000000111100100001010000101001100110111011110001101011100111001100001101100100100010000,-66.17584209481728,25
0000001000011100100101001011000001010110001100001110101010011100111110010010011000100111110101000000,-76.45673755424399,30
1101111000100101001011100100111101110010001001101110011110010000111011111100110011001000101010110111,-86.64937307132857,35
1111100000010101110110001001101110010010101101011000001111010111101101110011000011010101011100110011,-92.39934692508803,40
1111111001001101110000001001011110110011100001010011101110000100011111001001100010000110100101001001,-114.82048618434214,45
0011000111010011100111111001100000011001100000010111000010010011100100000000101101011100011111011001,-112.1225734405491,50
0110010011000101000011001110101110111001110111010000101111000010010101000110000010011111011000001001,-125.37428471274396,55
1010110010011000001000011010010000001101001010001001100011011110101100101111110111011111010000100000,-140.13347341995953,60
1011111101001111111011000111110110100100110011000111110010100011001000111111100011100111101010111101,-129.32348497819993,65
1100010111001001111110000010101111100000110111111000110101101110111010111101101001000011011010111101,-146.88706217911917,70
1010001111010010110010110010011110110111110011000000011001100111100001011011101110000011011011100101,-163.357887330418,75
1001011111001010001010011110011110101101010011110001110001110011101011101111001011010101011011101001,-169.89174546582097,80
0110011111011011111000010011111110101101010111100001110000101011110010100111101110010010111011100101,-182.86151809107065,85
1010010111001010111110010010011110111101110011000001110001111011100000101111001010010011011001100101,-190.76259173221294,90
1010010111001011111000010010001110101101110011100001100001111011100010100110101110010011011011001101,-198.99944072707765,95
0101101000110100000101101101100001000010001000011110001111000100011001011000010001101100100101010010,-14.872383385790753,5
1101101000110110100101110101100001010010001100011110011110000100011101011000001001101100110100010000,-22.421761591444596,10
0101101000110110000101001101100001010111001100011110000010000100011101010000011000111110101010011010,-41.82158151160861,15
0111111001110101000101111110110001110000011100011110001011000101011101111010011011001101100100010010,-49.005201879678786,20
1101100010000110000001101100100101000010001000011110001010000101111100010010111001011100010101010000,-65.13254467115146,25
0100101000100110000111001001100100010111001100111111000011001100111001101110000001110110000100010101,-84.4881070137648,30
0110100010111111001101000100000001000010001101101010000110100101001111000001110001100010111000110111,-81.6974368135289,35
1000001000111000010001101111000000111100111011001101011110000110101010101100110001101010000110010111,-94.64168870748448,40
0001010000001101101111110001111011101110110100101011010110000000010100000010010110100100110110110100,-97.95362859549877,45
0001001000110001001111000101011100000110100100110110111100010101111000100101011110100011010011100101,-109.5138025583168,50
1100011010110010100101011001101100001111100000100110101001010011101000100000101101110000011101001101,-127.10025617008118,55
0011110110101010000011000110011110001000010000000111011000000011001101010101100010010011011001111100,-131.42757064044352,60
0001010100101011001110011011011110101100100100111000110000111010110000011111101000011011100010111100,-137.79687411211356,65
1000111111101011111010011001011111100100011011100001011000110101100000000101101110101001101111101011,-147.44469697004786,70
0011001110101000011011010110001010001101111011110001100011111001110010110011111110000011001011101101,-160.18193501447516,75
1010011111101111011010010100111110101111000011100000110001111111100110101110101110110011111110111101,-164.3963638228527,80
1010010011001011111110010111011100101101110111100001110101110011101010100111100101110010011011101100,-171.76245760594588,85
1010010111000011111010010010011110101111110010100011110001101011110010100101101110010111011001101111,-195.04715818169603,90
1000010111001011111010110110011110101101110011100001110001111011101010100111101110010011001011101101,-197.51028098146122,95
