11111111111111111111111111111111111111111111111111111111111111111111111111111111111111111111111111111111111111111111111111111111        7.0
01111111111111111111111111111111111111111111111111111111111111111111111111111111111111111111111111111111111111111111111111111111        17.5
11110111111111111111111111111111111111111111111111111111111111111111111111111111111111111111111111111111111111111111111111111111        24.5
00000000000000000000000000000000000000000000000000000000000000001000000000000000000000000000000000000000000000000000000000000000        21.0
01110111111111111111111111111111111111111111111111111111111111111111111111111111111111111111111111111111111111111111111111111111        28.0
11011111111111111111111111111111111111111111111111111111111111111101111111111111111111111111111111111111111111111111111111111111        31.5
10001000000000000000000000000000000010000000000000000000000000000000000000000000000000000000000000000000000000000000000000000000        35.0
10111111111111111011111111111111111111111111111111111111111111111111111111111111101111111111111111111111111111111111111111111111        42.0
11011101111111111111110111111111111111111111111111111111111111111111111111111111111111111111111111111111111111111111111111111111        38.5
10111111111111111111111111111111001111111111111111111111111111111111111111111111111111111111111110111111111111111111111111111111        45.5
10000000100000000000000000000000100000001000100000000000000000000000000000000000000000000000000000000000000000000000000000000000        49.0
01000000010000000000000000000000010000000000000000000000000000000100000001000000000000000000000000000000000000000000000000000000        52.5
10110011111110111111111111111111111110111111111111111111111111111111101111111111111111111111111111111111111111111111111111111111        56.0
00100000001000000000000000000000001000001010000000000000000000000000000000000000000000000000000000000000001000000000000000000000        59.5
00000000100000000000000010100000000000000000000000000000000000000000000010100000000000001011000000000000000000000000000000000000        63.0
00100011000000000011001100000000000000100000000000000011000000000000000000000000000000000000000000000000000000000000000000000000        70.0
10001000000000001100000000000000000000000000000000000000000000001100110000000000110011000000000000000000000000000000000000000000        66.5
00100000001000000000000000000000001000101011001100000000000000000000000000000000000000000000000000000000001000000000000000000000        73.5
11110011011100010111000100110001000000000000000000000000000000000011000101110001000100000011000000000000000000000000000000000000        84.0
11011101111111110100110011111111111111111111111111011111111111111111111111111111110111011111111111111111111111111101111111111111        77.0
11111111001111111111111100111111111111111111111111111111111111111111111100101011111111110000101111111111101111111111111110111111        80.5
