11111111111111111111111111111111111111111111111111111111111111111111111111111111111111111111111111111111111111111111111111111111 7.0
01111111111111111111111111111111111111111111111111111111111111111111111111111111111111111111111111111111111111111111111111111111 17.5
11110111111111111111111111111111111111111111111111111111111111111111111111111111111111111111111111111111111111111111111111111111 24.5
00000000000000000000000000000000000000000000000000000000000000001000000000000000000000000000000000000000000000000000000000000000 21.0
01110111111111111111111111111111111111111111111111111111111111111111111111111111111111111111111111111111111111111111111111111111 28.0
11011111111111111111111111111111111111111111111111111111111111111101111111111111111111111111111111111111111111111111111111111111 31.5
10001000000000000000000000000000000010000000000000000000000000000000000000000000000000000000000000000000000000000000000000000000 35.0
10111111111111111011111111111111111111111111111111111111111111111111111111111111101111111111111111111111111111111111111111111111 42.0
11011101111111111111110111111111111111111111111111111111111111111111111111111111111111111111111111111111111111111111111111111111 38.5
10111111111111111111111111111111001111111111111111111111111111111111111111111111111111111111111110111111111111111111111111111111 45.5
10000000100000000000000000000000100000001000100000000000000000000000000000000000000000000000000000000000000000000000000000000000 49.0
01000000010000000000000000000000010000000000000000000000000000000100000001000000000000000000000000000000000000000000000000000000 52.5
10110011111110111111111111111111111110111111111111111111111111111111101111111111111111111111111111111111111111111111111111111111 56.0
00100000001000000000000000000000001000001010000000000000000000000000000000000000000000000000000000000000001000000000000000000000 59.5
00000000100000000000000010100000000000000000000000000000000000000000000010100000000000001011000000000000000000000000000000000000 63.0
00100011000000000011001100000000000000100000000000000011000000000000000000000000000000000000000000000000000000000000000000000000 70.0
10001000000000001100000000000000000000000000000000000000000000001100110000000000110011000000000000000000000000000000000000000000 66.5
00100000001000000000000000000000001000101011001100000000000000000000000000000000000000000000000000000000001000000000000000000000 73.5
11110011011100010111000100110001000000000000000000000000000000000011000101110001000100000011000000000000000000000000000000000000 84.0
11011101111111110100110011111111111111111111111111011111111111111111111111111111110111011111111111111111111111111101111111111111 77.0
11111111001111111111111100111111111111111111111111111111111111111111111100101011111111110000101111111111101111111111111110111111 80.5
10111111101111111111111111111111001110110010001100111111001110111111111111111111111111111111111111111111101111111011111110111111 87.5
11011111110111110101110101011101111111111111111111111111110111111101111111011111010011010100110111111111111111111101111111011111 91.0
01111111000101111111111101111111001101110001000111111111011101111111111101111111111111111111111111111111001101111111111111111111 94.5
10101000110010001110110011101110100010000000000011001100101010001110110011101100111011101111111010001000100000001110110011101110 119.0
11001100111111110000000011101111111111111111111111011111111111111010110111101111000001001110111111101111111011111100110011111111 101.5
00110101001000001111111111111111000101000000000011111111111111110011011100000000111111111011001101010100000000001111111111110011 105.0
01000110000011100110011100000110000000000000111000000000000001000101111011101111001011110100111100001110011111110010011100101111 136.5
11111111000011111111111100001111000011110000100000000000000000001111111100101111111111111011111100111111000010110000111100001010 108.5
11110000000000001111000000100000111110110111000011110011111100000000000000000000001100000000000000110000000000000111000000100000 98.0
00000011001111110001000101010111010000000011000001000101010101111101010111111111010101010101010101000111011111110100010101010111 122.5
10110000111110111111001111111011111100001111101110110000111110111000000000110010101100111111001100000000111110101000000011111011 129.5
00010000000000000111001100000000000000000000000000010001000000001111011100110001111111110111111101110101000000001111111100110011 115.5
11111111001100111111111110111111001100110011001111111111111111110001001100000000010111110000000100000001000000000000011100010001 112.0
11110111111101111111111101110101010101010000000011111111000001011111001101110011111111111111000111110101000100001111111101110101 126.0
00000101101011110000000010001101001101011011111100000101000110011000110010101111000000001010110000001100101011110000100010001100 133.0
00100010001010100110000011110010000000000010001000100000101010101010001011111010111100011111101100110011011110110011001111111011 140.0
10001010111010101111101011011010100010001000100011101010100010000111000001111010011101110111111111111010000000101111111111110010 143.5
01001101010011110000000011101110010101010000001001000000111111110100111101001111000011001110111001000000000000000100110001011111 147.0
00101111000010100010101000000010001110110000101011111011101010100101101100000000101100100000000001110111000100001111111111100000 150.5
00111011001010110111001101111111001100110000001001110011010100111110001000000010111101111111111100010010000000001111000101110011 161.0
01010011011101011101111101110101000100100101001011011011010110110101000001110001111100111111011100010010011100001101001011110011 154.0
01100100101101111110000011110001111101011111001100100000001000100100010100101111111011101111111111001100111110110000111000100111 157.5
00110100001011000011011100101111000101010000111000110101000111010101110101001100010111010000010011111111010011010001011100001101 164.5
10111010001100101111001000110011000010110000001000011011000100111011101100101010111110100000001010111011100100111111101110000010 168.0
01001010110000010111101000000110000111001001101010011101101010100001011011000010100011101000010100000011011000010010100100001000 147.0
10100101011000011100110110011011110111010100110010111101111111011010010011001000110001110100011000101001000011001000000111010001 154.0
00110100000010110101100110000111100101111001000001000111001101000111111110010110010110000101110010011011001010001110101110000001 154.0
00011001011110110111101100000011000111011111110010000000011000001000111001000101100101000001101011011000110010000101110101010100 140.0
01101000111100101010100000001010010111001110100010001111011001100101001101101111011010111001010111000101111100101000000101010110 150.5
