00000000000000000000000000000000000000000000000000000000000000000000000000000000000000000000000100000000000000000000000000000000	-12.556140450616287
11111111111111111111111111111111111111111111111111111111111111101111111111111111111111111111111111111111111111111111111111111110	-15.791604908400242
00000000000000000000000000000000000000000000000000000000000000010000000000000000000000000000000000000000000000000000000000000000	-12.41923187705768
11111111111111111111111111111111111111111111111111111111111111111111111111111111111111111111111111111111111111111111111111101110	-15.771089089605788
00000000000000000000000000000000000000000000000000000000000000000000000000000000000000000000000000000000000000010000000000000000	-12.303572502058362
11111111111111111111111111111111111111111111111111111110111111111111111111111111111111111111111111111111111111111111111111111110	-18.037071471846957
11111111111111111111111111111111111111111111111111111111111111111111111111111111111111111111111111111111111111111111101111111110	-16.726514486125087
11111111111111111111111111111111111111111111111111111111111111111111111111111111111111111111111111111111111111111111111111011110	-17.469680579559334
00000000000000000000000000000000000000000000000000000000000000000000000000000000000000010000000000000000000000000000000000000000	-11.25285299604781
11111111111111111111111111111111111111111111111111111111111111111111111111111110111111111111111111111111111111111111111111111110	-17.182878625089618
00000000000000000000000000000000000000000000000000000000000100000000000000000000000000000000000000000000000000000000000000000000	-11.046394084940804
11111111111111111111111111111111111111111111111111111111111011111111111111111111111111111111111111111111111111111111111111111110	-17.794347455022855
00000000000000000000000000000000000000000000000000000000000000000000000000000000000000000000000000000000000000000000000001000000	-11.10125890160408
00000000000000000000000000000000000000000000000000000000000000000000000000000000000000000000000000000000000000000000010000000000	-10.37373532144311
11111111111111111111111111111111111111111111111111111111111111111111111111111111111111111111111111111111111111111111111110111110	-17.838793443993108
00000000000000000000000000000000000000000000000000000001000000000000000000000000000000000000000000000000000000000000000000000000	-11.300943451989088
00000000000000000000000000000000000000000000000000000000000000000000000000000000000000000000000000000001000000000000000000000000	-11.178511243627707
11111111111111111111111111111110111111111111111111111111111111111111111111111111111111111111111111111111111111111111111111111110	-18.0153986415168
00000000000000000000000000000000000000000000000000000000000000000000000000000000000100000000000000000000000000000000000000000000	-10.20175008955361
11111111111111111111111111111111111111111111111111111111111111111111111111101111111111111111111111111111111111111111111111111110	-18.855397281870395
11111111111111111111111111111111111111111111111111111111111111111111111111111111111110111111111111111111111111111111111111111110	-18.71242239770819
11111111111111101111111111111111111111111111111111111111111111111111111111111111111111111111111111111111111111111111111111111110	-17.62614147509556
00000000000000000000000000000000000000000000000000000000000000000000000000000000000000000000000000000000000010000000000000000000	-10.225594657776508
11111111111111111111111111111011111111111111111111111111111111111111111111111111111111111111111111111111111111111111111111111110	-18.579677388477048
00000000000000000000000000000000000000000000000000000000000000000000000000000000000000000000000000000000000000000000100000000000	-10.076906138264743
11111111111111111111111111111111111111111111111111111111111111111111111111111111111111111111110011111111111111111111111111111110	-18.246791311365815
00000000000000000000000000000000000000000000000000000000000000000000000000000000000000000000010100000000000000000000000000000000	-14.338759824115531
11111111111111111111111111111111111111101111111111111111111111111111111111111111111111111111111111111111111111111111111111111110	-17.888837152822372
11111111111111111111111111111111111111111111110111111111111111111111111111111111111111111111111111111111111111111111111111111110	-18.542355915922897
11111111111111111111111111111111111111111111111111111111111111111111111111111101111111111111111111111111111111111111111111111110	-19.187316496108537
11111111111111111111111111111111111111111111101111111111111111111111111111111111111111111111111111111111111111111111111111111110	-18.910975709659137
11111111111111111111111111111111111111111111111111111111111111111111111111111111111111111011111111111111111111111111111111111110	-19.23922116659139
00000000000000000000000000000000000000000000000000000000000000000000000100000000000000000000000000000000000000000000000000000000	-9.603192291566256
00000000000000000000000000000000000000000000000000000000000000000000000000000000000000000100000000000000000000000000000000000000	-10.151041063674054
11111111111111111111111111111111111111111111111111111111111111111111111111111011111111111111111111111111111111111111111111111110	-18.57342367603045
11111111111111111111111111111111111111111111111111111111111111111111111111111111111111111111111111111111111111111111011111111110	-18.06190673233862
11111111111111111111111111111111111111111111111111111111111111111111111111111111111111111111111111111111111111001111111111111110	-18.161110883244476
11111111111111111111111111111111111111111111111111111111111111111111111111111111111111111111111111111110111111101111111111111110	-18.355538815008714
11111111111111111111111111111111111111111111111111111111111111111111111111111111111111111111111111111111111110101111111111111110	-17.85655323393234
11111111111111111111111111111111111111111111111111111111111111111111111111111111111111111111111111111111111111111111111111001110	-17.610728589135483
00000000000000000000000000000000000000000000000000000000000000000000000000000000000000000000000000000000000000000000000001010000	-14.021154492722538
11111111111111111111111111111111111111111111111011111111111111111111111111111111111111111111111111111111111111101111111111111110	-17.877839439056256
11111111111111111111111111111111111111111111111111111111111111111111111111111111111111011111111111111111111111111111111111111110	-16.7091720848142
00000000000000000000000000000000000000000000000000000000000000000000000000000000000000000000000000000000000000000000000000001010	-14.180796606701339
11111111111111111111111111111111111111111111111111111111111111111111111111111110111111111111111111111111111111101111111111111110	-16.53928467175847
11111111111111111111111111111111111111111111111111111111111111111111111111111111111111101111111111111111111111111111111011111110	-17.000642009183053
11111111111111111111111111111111111111111111111111111111111111111111111111111111111111111111111111111111111011101111111111111110	-17.29774074151649
00000000000000000000000000000000000000000000000000000000000000000000000000000000000000000000000000000000000000110000000000000000	-14.213515674347821
00000000000000000000000000000000000000000000000000000000000000000000000000000001000000000000000000000000000000010000000000000000	-14.514125927157622
00000000000000000000000000000000000000000000000000000000000000000000000000000000000000000000000000000000000000000001000000010000	-14.509290749292113
00000000000000000000000000000000000000000000000000000000000001010000000000000000000000000000000000000000000000000000000000000000	-14.397450649787785
11111111111111111111111111111110111111111111111111111111111111101111111111111111111111111111111111111111111111111111111111111110	-17.86163768190834
00000000000000000000000000000000000000000000000000000000000000000000000000100000000000000000000000000000000000000000000000000000	-9.00657397137837
00000000000000000001000000000000000000000000000000000000000000000000000000000000000000000000000000000000000000000000000000000000	-8.868205452034122
11111110111111111111111111111111111111111111111111111111111111111111111111111111111111111111111111111111111111111111111111111110	-19.460562800462487
00000000000000100000000000000000000000000000000000000000000000000000000000000000000000000000000000000000000000000000000000000000	-8.077411470707371
11111111111111111111111111111111111111111111111111111111111111111111111111110111111111111111111111111111111111111111111111111110	-19.228735424546723
00000000000000000000000000000000000000100000000000000000000000000000000000000000000000000000000000000000000000000000000000000000	-8.894016993748398
11111111111111111111111111111111111111111111111111111111111111111111111111111111111111111111111111110111111111111111111111111110	-18.07686532883533
00000000000000000000000000000000000000000000000000100000000000000000000000000000000000000000000000000000000000000000000000000000	-8.804827343344865
00000000000000000000000000000000000000000000000000000000000000000000000000000000001000000000000000000000000000000000000000000000	-9.010671299749827
11111111111111111111111111110111111111111111111111111111111111111111111111111111111111111111111111111111111111111111111111111110	-18.873244223394742
11111111111111111111111111111111111111111111111111111111011111111111111111111111111111111111111111111111111111111111111111111110	-18.649985484388175
11111111111111111110111111111111111111111111111111111111111111111111111111111111111111111111111111111111111111111111111111111110	-18.449761234176762
11111111111111111111111111111111111111011111111111111111111111111111111111111111111111111111111111111111111111111111111111111110	-19.404868889703167
11111111111111111111111111111111111111111111111111110111111111111111111111111111111111111111111111111111111111111111111111111110	-19.062458006419693
00000000000000000000000000000000000000000000000000000000100000000000000000000000000000000000000000000000000000000000000000000000	-9.14167862409634
11111111111111111111111111111111111111111111111111111111110111111111111111111111111111111111111111111111111111111111111111011110	-20.479116700916776
00000000000000000000000000000000000000000000000000000000000000000000000000000010000000000000001000000000000000000000000000000000	-12.837060329620261
00000000000000000000000000000000000000000000000000000000000000000000000000000000000000000000000000000000000000000000000010100000	-12.623631095625381
11111111111111111111111011111111111111111111111111111111111111111111111111111111111111101111111111111111111111111111111111111110	-19.286503927062874
11111111111111111111111111111111111111111111111111111111111111111111111111111111111111111111111111111111111111111011101111111110	-19.403050628739358
11111111111111111111111111111111111111111111111111111111111111111111111111111111111111111111111111111111111101011111111111111110	-20.522312890551603
11111111111111111111111111111111111111111111111111111111111111111111111111111111111011111110111111111111111111111111111111111110	-19.579974766760344
11111111111111111111111111111100111111111111111111111111111111111111111111111111111111111111111111111111111111111111111111111110	-19.66393099333451
00000000000000000000000000000000000000000000001100000000000000000000000000000000000000000000000000000000000000000000000000000000	-12.914843810987335
11111111111111111111111111111111111111111111111111111111101011111111111111111111111111111111111111111111111111111111111111111110	-19.674668957801572
11111111111111111111111111111111111111111111111111111111111111111111111111111111111111111111111111111101111111111111110111111110	-18.94605331767759
11111111111111111111111111111111111111111111111111101110111111111111111111111111111111111111111111111111111111111111111111111110	-20.045298294437167
11111111111111111111111111111111111111111111111111111111111111111111111111101111111111111110111111111111111111111111111111111110	-18.582405157461565
11111111111111111111111111111111111111111111111111111111111111111111111111101111111111111111111111111111111011111111111111111110	-19.789244771251507
11111111111111111111111111111111111111111111111111111111111111111111111111111111111111011111111111111111111111111111110111111110	-19.623443299607157
11111111111111111111111111111111111111111111111111111111111111111111111111111111111111111111111111111111110011111111111111111110	-20.55171007233763
11111111111111111111111111111111111111111111111111111111111111111111111011111110111111111111111111111111111111111111111111111110	-20.48227396069123
00000000000000000000000000000000000000000000001000000000000000100000000000000000000000000000000000000000000000000000000000000000	-12.896683319004513
00000000000000000000000000000000000000000000000000000000000000000000000000000000000000000000110000000000000000000000000000000000	-12.361285348464637
11111111111111111111111111111111111111111111111111111111111111111111111111111111111111111111111111111111101110111111111111111110	-19.065143609623235
00000000000000000000000000000000000000000000000000000000000000000000000000000100000000000000010000000000000000000000000000000000	-13.110667535943563
11111111111111111111111111111111111111111111111111111111111111111111111111111111111111111111111111111111111101111111111111110110	-19.358018422895878
00000000000000000000000000000000000000000000000000000000000000000000000000000000000000000000000000000100000001000000000000000000	-12.861260016722966
11111111111111111111111111111111111111111111111111111111111111111111111111111111111111111111111111111111111111111111111101011110	-20.287097411056994
11111111111111111111111111111111111111111111111111111111111111111111111111111111111111111111111111111111110111011111111111111110	-19.980954759753786
00000000000000000000000000000000000000000000000000000000000000000000000000000000000000000000010100000000000000000000000000000100	-17.123215806735825
00000000000000000000000000000000000000000000000000000000000000000000000000000000000000000000000000000000000000000000000000001110	-17.912424396799246
00000000000000000000000000000000000000000000000000000000000000000000000000000000000000000000000000000000000000110000000000000010	-17.62846637788157
11111111111111111111111111111111111111111111111111111110111111101111111111111111111111111111111111111111111111111111111011111110	-18.14573189252128
11111111111111111111111111111111111111111111111111111111111111001111111111111111111111111111111111111111111111111111111111111100	-18.485942553047927
11111111111111111111111111111111111111111111111111111111111111111111111111111111111111111111111111111111111111111111111111001100	-17.89406830523701
11111111111111111111111111111111111111111111111111111111111111111111111111111111111111111111111111111111111111111111111111110000	-18.138447529497462
00000000000000000000000000000000000000000000000000000000000000010000000000000000000000000000000000000000000000000000000100000000	-17.87231842074509
00000000000000000000000000000000000000000000000000000000000000000000000000000000000000000000000000000000000000010000000000000100	-18.462132416974583
00000000000000000000000000000000000000000000000000000000000000000000000000000000000000000000000000000000000001010000000000000100	-17.54583022725542
11111111111111111111111111111111111111111111111111111111111111101111111111111111111111111111111111111111111111111111111111111010	-18.428963807419834
11111111111111111111111111111111111111111111111111111111111111111111111111111111111111111111111111111111111111111111111111101100	-18.866820687452353
00000000000000000000000000000000000000000000000000000000000000000000000000000000000000000000000000000000000000000000000000000110	-18.271165271322914
11111111111111111111111111111111111111111111111111111111111111111111111111111111111111111111111011111111111111111111111111111010	-17.870759136581768
00000000000000000000000000000000000000000000000000000000000000000000000000000000000000000000000100000000000000010000000000000000	-17.670060805223414
11111111111111111111111111111111111111110111111111111111111111111111111111111111111111111111111111111111111111111111111111111110	-18.54138550505883
00000000000000000000000000000000000000000001000000000000000100010000000000000000000000000000000000000000000000000000000000000000	-15.995735047155527
00000000000000000000000000000000000010000000000000000000000000000000000000000000000000000000000000000000000000000000000000000000	-7.9848370860854665
11111111111111111111111111111111101111111111111111111111111111111111111111111111111111111111111111111111111111111111111111111110	-18.93262491383102
11111111111111111011111111111111111111111111111111111111111111111111111111111111111111111111111111111111111111111111111111111110	-19.051273917842096
00000000000000000000000000000000000000001000000000000000000000000000000000000000000000000000000000000000000000000000000000000000	-7.915355267071437
11111111111111111111111111111111111111111111111111111111111111111111111111111111111111111111111111101111111111111110111011111110	-20.103667574802962
11111111111111111111111111111111111111111111111111111111111111111111111111111111111111111111111111111111101110111111111111111010	-19.948128612452763
11111111111111111111111111111111111111111111111111111111111111111111111111111111111111111111101111111111111110111111111111111010	-19.693271608796177
11111111111111111111111111111111111111111111111111111111111110111111111111111111111111111111111111111111111110111111111111111010	-19.50789287689786
11111111111111111111111111111111111111111111111111111111111111111111111111111111111111111111111111111111111111111011101111111010	-19.46948898799208
11111111111111111111111111111111111111111111111111111111111111111111111111111111111111111101110011111111111111111111111111111110	-19.96915557428826
11111111111111111111111111111111111111111111111111111111111111111111111111111111111111111111111111111111111111111101110011111110	-20.103321486824445
11111111111111111111111111111111111111111111111111111111111111111111111111111111111111111111111111111111111111111111101111110010	-20.742704507699575
11111111111111111111111111111111111111111111111111111111111111111111111111111111111111111111111111111111111111111111111100111010	-19.28112844610241
11111111111111111111111111111111111111111111111111111111111111111111111111111111111111111111111111111111111111111111011111110010	-17.95093465958136
11111111111111111111111111111111111111111111111111111111111111111111111111111111111111111111111111111111111111111011101011111110	-20.156167892446188
11111111111111111111111111111111111111111111111111111111111111111111111111111111111111111111111111111111111111111111001111110010	-19.798976247466836
11111111111111111111111111111111111111111111111111111111111111111111111111111111111111111111111111111111111111111111100011111110	-20.239203244564184
11111111111111111111111111111111111111111111111111111111111111111111111111111111111111111111111111111111111111111111101110111010	-19.70273700453203
11111111111111111111111111111111111111111111111111111111111111111111111111111111111111111111111111111111110111111111111111111100	-19.677092787676504
11111111111111111111111111111111111111111111111111111111111111111111111111111111111111111111111111111111111111111101111111111100	-20.73422034254734
11111111111111111111111111111111111111111111111111111111111111111111111111111111111111111111111111111111101111101111111111111110	-19.865206618655
11111111111111111111111111111111111111111111111111111111111111111111111111111111111111111111111110111111101111111111111111111110	-21.224170976806615
11111111111111111111111111111111111111111111111111111111111111111111111111111111111111111111111111111111111111111111111100110010	-20.410211506285215
11111111111111111111111111111111111111111111111111111111111111111111111111111111111111111111111111111111111111111111111101101110	-19.388977962103052
11111111111111111111111111111111111111111111111111111111111111111111111111111111111111111111111111111011111111111111111011111110	-18.559395698157743
11111111111111111111111111111111111111111111111111111111111111111111111111111111111111111111111111111111111111111111011011111110	-19.94935163929348
11111111111111111111111111111111111111111111111111111111111111111111111111111111111111111111111111111011111111101111111111111110	-20.118297346985525
11111111111111111111111111111111111111111111111111111111111111111111111111111111111111001111111111111111111111111111110111111110	-22.537986265309982
11111111111111111111111111111111111111111111111111111111111111111111111111111111111111111111111111101110111111111110111011111110	-20.17690898514268
11111111111111111111111111111111111111111111111111111111111111111111111111111111111111111111111111111111110011011111111111111110	-21.240317121184994
11111111111111111111111111111111111111111111111111111111110011011111111111111111111111111111111111111111111111111111111111111110	-22.154587044098957
11111111111111111111111111111111111111111111111111111111111111111111111111111111111111111111111111101110111111111110111111111110	-22.40824540313174
11111111111111111111111111111111111111111111111111111111111111111111111111111111111111111111111111111111111111111111111101010110	-22.52550222877835
11111111111111111111111111111111111111111111111111111111111111111111111111111111111111111111111111111111111111111111001111110110	-21.499472401945585
11111111111111111111111111111111111111111111111111111111111111111111111111111111111111111111111111111111111111111111100111111110	-21.886639379074342
11111111111111111111111111111111111111111111111111111111111111111111111111111111111111111111111111111111111111111111111100110110	-22.817722837567775
11111111111111111111111111111111111111111111111111111111111111111111111111111111111111111111111111111111111111111111111100011110	-22.191795457620707
11111111111111111111111111111111111111111111111111111111111111111111111111111111111111111111111111111111111111111111110111011110	-22.405425848018062
11111111111111111111111111111111111111111111111111111111111111111111111111111111111111111111111111111111111111111111111011011110	
















































































































































































































































































































































































































































































































































































































































































































































































































































































































































































































































































































































































































































































































































































































00000000000000000000000000000000000000000000000000000000000000000000000000000000000000000000000100000000000000000000000000000000	-12.556140450616287
11111111111111111111111111111111111111111111111111111111111111101111111111111111111111111111111111111111111111111111111111111110	-15.791604908400242
00000000000000000000000000000000000000000000000000000000000000010000000000000000000000000000000000000000000000000000000000000000	-12.41923187705768
11111111111111111111111111111111111111111111111111111111111111111111111111111111111111111111111111111111111111111111111111101110	-15.771089089605788
00000000000000000000000000000000000000000000000000000000000000000000000000000000000000000000000000000000000000010000000000000000	-12.303572502058362
11111111111111111111111111111111111111111111111111111110111111111111111111111111111111111111111111111111111111111111111111111110	-18.037071471846957
11111111111111111111111111111111111111111111111111111111111111111111111111111111111111111111111111111111111111111111101111111110	-16.726514486125087
11111111111111111111111111111111111111111111111111111111111111111111111111111111111111111111111111111111111111111111111111011110	-17.469680579559334
00000000000000000000000000000000000000000000000000000000000000000000000000000000000000010000000000000000000000000000000000000000	-11.25285299604781
11111111111111111111111111111111111111111111111111111111111111111111111111111110111111111111111111111111111111111111111111111110	-17.182878625089618
00000000000000000000000000000000000000000000000000000000000100000000000000000000000000000000000000000000000000000000000000000000	-11.046394084940804
11111111111111111111111111111111111111111111111111111111111011111111111111111111111111111111111111111111111111111111111111111110	-17.794347455022855
00000000000000000000000000000000000000000000000000000000000000000000000000000000000000000000000000000000000000000000000001000000	-11.10125890160408
00000000000000000000000000000000000000000000000000000000000000000000000000000000000000000000000000000000000000000000010000000000	-10.37373532144311
11111111111111111111111111111111111111111111111111111111111111111111111111111111111111111111111111111111111111111111111110111110	-17.838793443993108
00000000000000000000000000000000000000000000000000000001000000000000000000000000000000000000000000000000000000000000000000000000	-11.300943451989088
00000000000000000000000000000000000000000000000000000000000000000000000000000000000000000000000000000001000000000000000000000000	-11.178511243627707
11111111111111111111111111111110111111111111111111111111111111111111111111111111111111111111111111111111111111111111111111111110	-18.0153986415168
00000000000000000000000000000000000000000000000000000000000000000000000000000000000100000000000000000000000000000000000000000000	-10.20175008955361
11111111111111111111111111111111111111111111111111111111111111111111111111101111111111111111111111111111111111111111111111111110	-18.855397281870395
11111111111111111111111111111111111111111111111111111111111111111111111111111111111110111111111111111111111111111111111111111110	-18.71242239770819
11111111111111101111111111111111111111111111111111111111111111111111111111111111111111111111111111111111111111111111111111111110	-17.62614147509556
00000000000000000000000000000000000000000000000000000000000000000000000000000000000000000000000000000000000010000000000000000000	-10.225594657776508
11111111111111111111111111111011111111111111111111111111111111111111111111111111111111111111111111111111111111111111111111111110	-18.579677388477048
00000000000000000000000000000000000000000000000000000000000000000000000000000000000000000000000000000000000000000000100000000000	-10.076906138264743
11111111111111111111111111111111111111111111111111111111111111111111111111111111111111111111110011111111111111111111111111111110	-18.246791311365815
00000000000000000000000000000000000000000000000000000000000000000000000000000000000000000000010100000000000000000000000000000000	-14.338759824115531
11111111111111111111111111111111111111101111111111111111111111111111111111111111111111111111111111111111111111111111111111111110	-17.888837152822372
11111111111111111111111111111111111111111111110111111111111111111111111111111111111111111111111111111111111111111111111111111110	-18.542355915922897
11111111111111111111111111111111111111111111111111111111111111111111111111111101111111111111111111111111111111111111111111111110	-19.187316496108537
11111111111111111111111111111111111111111111101111111111111111111111111111111111111111111111111111111111111111111111111111111110	-18.910975709659137
11111111111111111111111111111111111111111111111111111111111111111111111111111111111111111011111111111111111111111111111111111110	-19.23922116659139
00000000000000000000000000000000000000000000000000000000000000000000000100000000000000000000000000000000000000000000000000000000	-9.603192291566256
00000000000000000000000000000000000000000000000000000000000000000000000000000000000000000100000000000000000000000000000000000000	-10.151041063674054
11111111111111111111111111111111111111111111111111111111111111111111111111111011111111111111111111111111111111111111111111111110	-18.57342367603045
11111111111111111111111111111111111111111111111111111111111111111111111111111111111111111111111111111111111111111111011111111110	-18.06190673233862
11111111111111111111111111111111111111111111111111111111111111111111111111111111111111111111111111111111111111001111111111111110	-18.161110883244476
11111111111111111111111111111111111111111111111111111111111111111111111111111111111111111111111111111110111111101111111111111110	-18.355538815008714
11111111111111111111111111111111111111111111111111111111111111111111111111111111111111111111111111111111111110101111111111111110	-17.85655323393234
11111111111111111111111111111111111111111111111111111111111111111111111111111111111111111111111111111111111111111111111111001110	-17.610728589135483
00000000000000000000000000000000000000000000000000000000000000000000000000000000000000000000000000000000000000000000000001010000	-14.021154492722538
11111111111111111111111111111111111111111111111011111111111111111111111111111111111111111111111111111111111111101111111111111110	-17.877839439056256
11111111111111111111111111111111111111111111111111111111111111111111111111111111111111011111111111111111111111111111111111111110	-16.7091720848142
00000000000000000000000000000000000000000000000000000000000000000000000000000000000000000000000000000000000000000000000000001010	-14.180796606701339
11111111111111111111111111111111111111111111111111111111111111111111111111111110111111111111111111111111111111101111111111111110	-16.53928467175847
11111111111111111111111111111111111111111111111111111111111111111111111111111111111111101111111111111111111111111111111011111110	-17.000642009183053
11111111111111111111111111111111111111111111111111111111111111111111111111111111111111111111111111111111111011101111111111111110	-17.29774074151649
00000000000000000000000000000000000000000000000000000000000000000000000000000000000000000000000000000000000000110000000000000000	-14.213515674347821
00000000000000000000000000000000000000000000000000000000000000000000000000000001000000000000000000000000000000010000000000000000	-14.514125927157622
00000000000000000000000000000000000000000000000000000000000000000000000000000000000000000000000000000000000000000001000000010000	-14.509290749292113
00000000000000000000000000000000000000000000000000000000000001010000000000000000000000000000000000000000000000000000000000000000	-14.397450649787785
11111111111111111111111111111110111111111111111111111111111111101111111111111111111111111111111111111111111111111111111111111110	-17.86163768190834
00000000000000000000000000000000000000000000000000000000000000000000000000100000000000000000000000000000000000000000000000000000	-9.00657397137837
00000000000000000001000000000000000000000000000000000000000000000000000000000000000000000000000000000000000000000000000000000000	-8.868205452034122
11111110111111111111111111111111111111111111111111111111111111111111111111111111111111111111111111111111111111111111111111111110	-19.460562800462487
00000000000000100000000000000000000000000000000000000000000000000000000000000000000000000000000000000000000000000000000000000000	-8.077411470707371
11111111111111111111111111111111111111111111111111111111111111111111111111110111111111111111111111111111111111111111111111111110	-19.228735424546723
00000000000000000000000000000000000000100000000000000000000000000000000000000000000000000000000000000000000000000000000000000000	-8.894016993748398
11111111111111111111111111111111111111111111111111111111111111111111111111111111111111111111111111110111111111111111111111111110	-18.07686532883533
00000000000000000000000000000000000000000000000000100000000000000000000000000000000000000000000000000000000000000000000000000000	-8.804827343344865
00000000000000000000000000000000000000000000000000000000000000000000000000000000001000000000000000000000000000000000000000000000	-9.010671299749827
11111111111111111111111111110111111111111111111111111111111111111111111111111111111111111111111111111111111111111111111111111110	-18.873244223394742
11111111111111111111111111111111111111111111111111111111011111111111111111111111111111111111111111111111111111111111111111111110	-18.649985484388175
11111111111111111110111111111111111111111111111111111111111111111111111111111111111111111111111111111111111111111111111111111110	-18.449761234176762
11111111111111111111111111111111111111011111111111111111111111111111111111111111111111111111111111111111111111111111111111111110	-19.404868889703167
11111111111111111111111111111111111111111111111111110111111111111111111111111111111111111111111111111111111111111111111111111110	-19.062458006419693
00000000000000000000000000000000000000000000000000000000100000000000000000000000000000000000000000000000000000000000000000000000	-9.14167862409634
11111111111111111111111111111111111111111111111111111111110111111111111111111111111111111111111111111111111111111111111111011110	-20.479116700916776
00000000000000000000000000000000000000000000000000000000000000000000000000000010000000000000001000000000000000000000000000000000	-12.837060329620261
00000000000000000000000000000000000000000000000000000000000000000000000000000000000000000000000000000000000000000000000010100000	-12.623631095625381
11111111111111111111111011111111111111111111111111111111111111111111111111111111111111101111111111111111111111111111111111111110	-19.286503927062874
11111111111111111111111111111111111111111111111111111111111111111111111111111111111111111111111111111111111111111011101111111110	-19.403050628739358
11111111111111111111111111111111111111111111111111111111111111111111111111111111111111111111111111111111111101011111111111111110	-20.522312890551603
11111111111111111111111111111111111111111111111111111111111111111111111111111111111011111110111111111111111111111111111111111110	-19.579974766760344
11111111111111111111111111111100111111111111111111111111111111111111111111111111111111111111111111111111111111111111111111111110	-19.66393099333451
00000000000000000000000000000000000000000000001100000000000000000000000000000000000000000000000000000000000000000000000000000000	-12.914843810987335
11111111111111111111111111111111111111111111111111111111101011111111111111111111111111111111111111111111111111111111111111111110	-19.674668957801572
11111111111111111111111111111111111111111111111111111111111111111111111111111111111111111111111111111101111111111111110111111110	-18.94605331767759
11111111111111111111111111111111111111111111111111101110111111111111111111111111111111111111111111111111111111111111111111111110	-20.045298294437167
11111111111111111111111111111111111111111111111111111111111111111111111111101111111111111110111111111111111111111111111111111110	-18.582405157461565
11111111111111111111111111111111111111111111111111111111111111111111111111101111111111111111111111111111111011111111111111111110	-19.789244771251507
11111111111111111111111111111111111111111111111111111111111111111111111111111111111111011111111111111111111111111111110111111110	-19.623443299607157
11111111111111111111111111111111111111111111111111111111111111111111111111111111111111111111111111111111110011111111111111111110	-20.55171007233763
11111111111111111111111111111111111111111111111111111111111111111111111011111110111111111111111111111111111111111111111111111110	-20.48227396069123
00000000000000000000000000000000000000000000001000000000000000100000000000000000000000000000000000000000000000000000000000000000	-12.896683319004513
00000000000000000000000000000000000000000000000000000000000000000000000000000000000000000000110000000000000000000000000000000000	-12.361285348464637
11111111111111111111111111111111111111111111111111111111111111111111111111111111111111111111111111111111101110111111111111111110	-19.065143609623235
00000000000000000000000000000000000000000000000000000000000000000000000000000100000000000000010000000000000000000000000000000000	-13.110667535943563
11111111111111111111111111111111111111111111111111111111111111111111111111111111111111111111111111111111111101111111111111110110	-19.358018422895878
00000000000000000000000000000000000000000000000000000000000000000000000000000000000000000000000000000100000001000000000000000000	-12.861260016722966
11111111111111111111111111111111111111111111111111111111111111111111111111111111111111111111111111111111111111111111111101011110	-20.287097411056994
11111111111111111111111111111111111111111111111111111111111111111111111111111111111111111111111111111111110111011111111111111110	-19.980954759753786
00000000000000000000000000000000000000000000000000000000000000000000000000000000000000000000010100000000000000000000000000000100	-17.123215806735825
00000000000000000000000000000000000000000000000000000000000000000000000000000000000000000000000000000000000000000000000000001110	-17.912424396799246
00000000000000000000000000000000000000000000000000000000000000000000000000000000000000000000000000000000000000110000000000000010	-17.62846637788157
11111111111111111111111111111111111111111111111111111110111111101111111111111111111111111111111111111111111111111111111011111110	-18.14573189252128
11111111111111111111111111111111111111111111111111111111111111001111111111111111111111111111111111111111111111111111111111111100	-18.485942553047927
11111111111111111111111111111111111111111111111111111111111111111111111111111111111111111111111111111111111111111111111111001100	-17.89406830523701
11111111111111111111111111111111111111111111111111111111111111111111111111111111111111111111111111111111111111111111111111110000	-18.138447529497462
00000000000000000000000000000000000000000000000000000000000000010000000000000000000000000000000000000000000000000000000100000000	-17.87231842074509
00000000000000000000000000000000000000000000000000000000000000000000000000000000000000000000000000000000000000010000000000000100	-18.462132416974583
00000000000000000000000000000000000000000000000000000000000000000000000000000000000000000000000000000000000001010000000000000100	-17.54583022725542
11111111111111111111111111111111111111111111111111111111111111101111111111111111111111111111111111111111111111111111111111111010	-18.428963807419834
11111111111111111111111111111111111111111111111111111111111111111111111111111111111111111111111111111111111111111111111111101100	-18.866820687452353
00000000000000000000000000000000000000000000000000000000000000000000000000000000000000000000000000000000000000000000000000000110	-18.271165271322914
11111111111111111111111111111111111111111111111111111111111111111111111111111111111111111111111011111111111111111111111111111010	-17.870759136581768
00000000000000000000000000000000000000000000000000000000000000000000000000000000000000000000000100000000000000010000000000000000	-17.670060805223414
11111111111111111111111111111111111111110111111111111111111111111111111111111111111111111111111111111111111111111111111111111110	-18.54138550505883
00000000000000000000000000000000000000000001000000000000000100010000000000000000000000000000000000000000000000000000000000000000	-15.995735047155527
00000000000000000000000000000000000010000000000000000000000000000000000000000000000000000000000000000000000000000000000000000000	-7.9848370860854665
11111111111111111111111111111111101111111111111111111111111111111111111111111111111111111111111111111111111111111111111111111110	-18.93262491383102
11111111111111111011111111111111111111111111111111111111111111111111111111111111111111111111111111111111111111111111111111111110	-19.051273917842096
00000000000000000000000000000000000000001000000000000000000000000000000000000000000000000000000000000000000000000000000000000000	-7.915355267071437
11111111111111111111111111111111111111111111111111111111111111111111111111111111111111111111111111101111111111111110111011111110	-20.103667574802962
11111111111111111111111111111111111111111111111111111111111111111111111111111111111111111111111111111111101110111111111111111010	-19.948128612452763
11111111111111111111111111111111111111111111111111111111111111111111111111111111111111111111101111111111111110111111111111111010	-19.693271608796177
11111111111111111111111111111111111111111111111111111111111110111111111111111111111111111111111111111111111110111111111111111010	-19.50789287689786
11111111111111111111111111111111111111111111111111111111111111111111111111111111111111111111111111111111111111111011101111111010	-19.46948898799208
11111111111111111111111111111111111111111111111111111111111111111111111111111111111111111101110011111111111111111111111111111110	-19.96915557428826
11111111111111111111111111111111111111111111111111111111111111111111111111111111111111111111111111111111111111111101110011111110	-20.103321486824445
11111111111111111111111111111111111111111111111111111111111111111111111111111111111111111111111111111111111111111111101111110010	-20.742704507699575
11111111111111111111111111111111111111111111111111111111111111111111111111111111111111111111111111111111111111111111111100111010	-19.28112844610241
11111111111111111111111111111111111111111111111111111111111111111111111111111111111111111111111111111111111111111111011111110010	-17.95093465958136
11111111111111111111111111111111111111111111111111111111111111111111111111111111111111111111111111111111111111111011101011111110	-20.156167892446188
11111111111111111111111111111111111111111111111111111111111111111111111111111111111111111111111111111111111111111111001111110010	-19.798976247466836
11111111111111111111111111111111111111111111111111111111111111111111111111111111111111111111111111111111111111111111100011111110	-20.239203244564184
11111111111111111111111111111111111111111111111111111111111111111111111111111111111111111111111111111111111111111111101110111010	-19.70273700453203
11111111111111111111111111111111111111111111111111111111111111111111111111111111111111111111111111111111110111111111111111111100	-19.677092787676504
11111111111111111111111111111111111111111111111111111111111111111111111111111111111111111111111111111111111111111101111111111100	-20.73422034254734
11111111111111111111111111111111111111111111111111111111111111111111111111111111111111111111111111111111101111101111111111111110	-19.865206618655
11111111111111111111111111111111111111111111111111111111111111111111111111111111111111111111111110111111101111111111111111111110	-21.224170976806615
11111111111111111111111111111111111111111111111111111111111111111111111111111111111111111111111111111111111111111111111100110010	-20.410211506285215
11111111111111111111111111111111111111111111111111111111111111111111111111111111111111111111111111111111111111111111111101101110	-19.388977962103052
11111111111111111111111111111111111111111111111111111111111111111111111111111111111111111111111111111011111111111111111011111110	-18.559395698157743
11111111111111111111111111111111111111111111111111111111111111111111111111111111111111111111111111111111111111111111011011111110	-19.94935163929348
11111111111111111111111111111111111111111111111111111111111111111111111111111111111111111111111111111011111111101111111111111110	-20.118297346985525
11111111111111111111111111111111111111111111111111111111111111111111111111111111111111001111111111111111111111111111110111111110	-22.537986265309982
11111111111111111111111111111111111111111111111111111111111111111111111111111111111111111111111111101110111111111110111011111110	-20.17690898514268
11111111111111111111111111111111111111111111111111111111111111111111111111111111111111111111111111111111110011011111111111111110	-21.240317121184994
11111111111111111111111111111111111111111111111111111111110011011111111111111111111111111111111111111111111111111111111111111110	-22.154587044098957
11111111111111111111111111111111111111111111111111111111111111111111111111111111111111111111111111101110111111111110111111111110	-22.40824540313174
11111111111111111111111111111111111111111111111111111111111111111111111111111111111111111111111111111111111111111111111101010110	-22.52550222877835
11111111111111111111111111111111111111111111111111111111111111111111111111111111111111111111111111111111111111111111001111110110	-21.499472401945585
11111111111111111111111111111111111111111111111111111111111111111111111111111111111111111111111111111111111111111111100111111110	-21.886639379074342
11111111111111111111111111111111111111111111111111111111111111111111111111111111111111111111111111111111111111111111111100110110	-22.817722837567775
11111111111111111111111111111111111111111111111111111111111111111111111111111111111111111111111111111111111111111111111100011110	-22.191795457620707
11111111111111111111111111111111111111111111111111111111111111111111111111111111111111111111111111111111111111111111110111011110	-22.405425848018062
11111111111111111111111111111111111111111111111111111111111111111111111111111111111111111111111111111111111111111111111011011110	
