11111111111111111111111111111111111111111111111111111111111111111111111111111111111111111111111111111111111111111111111111111110 629518
00000000000000000000000000000000000000000000000000000000000000000000000000000000000000000000000000000000000000000000000000000000 629479
00000000000000000000000000000000000000000000000000000000000000000000000000000000000000000000000100000000000000000000000000000000 11066
11111111111111111111111111111111111111111111111111111111111111111111111111111111111111111111111111111111111111101111111111111110 11027
11111111111111111111111111111111111111111111111111111111111111111111111111111111111111111111111111111111111111111111111111111100 11025
11111111111111111111111111111111111111111111111111111111111111101111111111111111111111111111111111111111111111111111111111111110 11019
00000000000000000000000000000000000000000000000000000000000000000000000000000000000000000000000000000000000000000000000100000000 10963
11111111111111111111111111111111111111111111111111111111111111111111111111111111111111111111111111111111111111111111111111111010 10948
00000000000000000000000000000000000000000000000000000000000000010000000000000000000000000000000000000000000000000000000000000000 10938
00000000000000000000000000000000000000000000000000000000000000000000000000000000000000000000000000000000000000000000000000010000 10934
11111111111111111111111111111111111111111111111111111111111111111111111111111111111111111111111111111111111111111111111011111110 10926
11111111111111111111111111111111111111111111111111111111111111111111111111111111111111111111111111111111111111111111111111101110 10912
11111111111111111111111111111111111111111111111111111111111111111111111111111111111111111111111011111111111111111111111111111110 10808
00000000000000000000000000000000000000000000000000000000000000000000000000000000000000000000000000000000000000000000000000000010 10746
00000000000000000000000000000000000000000000000000000000000000000000000000000000000000000000000000000000000000010000000000000000 10739
00000000000000000000000000000000000000000000000000000000000000000000000000000000000000000000000000000000000000000000000000000100 10723
11111111111111111111111111111111111111111111111111111111111111111111111111111111111111101111111111111111111111111111111111111110 3888
11111111111111111111111111111111111111111111111111111110111111111111111111111111111111111111111111111111111111111111111111111110 3840
11111111111111111111111111111111111111111111111111111111111111011111111111111111111111111111111111111111111111111111111111111110 3838
00000000000000000000000000000000000000000000000000000000000000000000000000000000000000000000000000000000000100000000000000000000 3826
11111111111111111111111111111111111111111111111111111111111111111111111111111111111111111111111111111111111111111111101111111110 3818
11111111111111111111111111111111111111111111111111111111111111111111111111111111111111111111111111111111111111111110111111111110 3805
00000000000000000000000000000000000000000000000000000000000000000000000000000000000000000000010000000000000000000000000000000000 3799
11111111111111111111111111111111111111111111111111111111111111111111111111111111111111111111111111111111111111111111111111011110 3794
00000000000000000000000000000000000000000000000000000000000000100000000000000000000000000000000000000000000000000000000000000000 3793
11111111111111111111111111111111111111111111111111111111111111111111111111111111111111111111111111111111111111111111111111110110 3792
00000000000000000000000000000000000000000000000000000000000000000000000000000000000000010000000000000000000000000000000000000000 3787
00000000000000000000000000000000000000000000000000000000000000000000000000000000000000000000001000000000000000000000000000000000 3785
00000000000000000000000000000000000000000000000000000000000001000000000000000000000000000000000000000000000000000000000000000000 3782
11111111111111111111111111111111111111111111111111111111111111111111111111111110111111111111111111111111111111111111111111111110 3778
11111111111111111111111111111111111111111111111111111111111110111111111111111111111111111111111111111111111111111111111111111110 3774
00000000000000000000000000000000000000000000000000000000000000000000000000000000000000000000000000000000000000100000000000000000 3772
00000000000000000000000000000000000000000000000000000000000100000000000000000000000000000000000000000000000000000000000000000000 3770
11111111111111111111111111111111111111111111111111111111111111111111111111111111111111111111111111111111111111011111111111111110 3765
11111111111111111111111111111111111111111111111111111111111111111111111111111111111111111111110111111111111111111111111111111110 3759
11111111111111111111111111111111111111111111111111111111111011111111111111111111111111111111111111111111111111111111111111111110 3758
00000000000000000000000000000000000000000000000000000000000000000000000000000000000000000000000000000000000000000000000000001000 3755
11111111111111111111111111111111111111111111111111111111111111111111111111111111111111111111111111111110111111111111111111111110 3754
00000000000000000000000000000000000000000000000000000000000000000000000000000000000000000000000000000000000000000000000001000000 3751
11111111111111111111111111111111111111111111111111111111111111111111111111111111111111111111111111111111111111111111110111111110 3745
00000000000000000000000000000000000000000000000000000000000000000000000000000000000000000000000000000000000001000000000000000000 3739
00000000000000000000000000000000000000000000000000000000000000000000000000000000000000000000000000000000000000000000010000000000 3737
00000000000000000000000000000000000000000000000000000000000000000000000000000000000000000000000000000000000000000000001000000000 3731
11111111111111111111111111111111111111111111111111111111111111111111111111111111111111111111111111111111111110111111111111111110 3730
11111111111111111111111111111111111111111111111111111111111111111111111111111111111111111111111111111111111111111111111110111110 3724
11111111111111111111111111111111111111111111111111111111111111111111111111111111111111111110111111111111111111111111111111111110 3722
11111111111111111111111111111111111111111111111111111111111111111111111111111111111111111111111111111111111011111111111111111110 3720
00000000000000000000000000000000000000000000000000000001000000000000000000000000000000000000000000000000000000000000000000000000 3719
11111111111111111111111111111111111111111111111011111111111111111111111111111111111111111111111111111111111111111111111111111110 3706
00000000000000000000000000000000000000000000000000000000000000000000000000000001000000000000000000000000000000000000000000000000 3705
00000000000000000000000000000000000000000000000000000000000000000000000000000000000000000000000000000001000000000000000000000000 3702
11111111111111111111111111111111111111111111111111111111111111111111111111111111111111111111101111111111111111111111111111111110 3697
00000000000000000000000000000001000000000000000000000000000000000000000000000000000000000000000000000000000000000000000000000000 3692
11111111111111111111111111111110111111111111111111111111111111111111111111111111111111111111111111111111111111111111111111111110 3667
11111111111111111111111111111111111111111111111111111111111111111111111111111111111111111101111111111111111111111111111111111110 1378
00000000000000000000000000000000000000000000001000000000000000000000000000000000000000000000000000000000000000000000000000000000 1375
00000000000000000000000000000000000000000000000000000000000000000000000000000000000100000000000000000000000000000000000000000000 1374
11111111111111111111111111111111111111111111111111111111111111111111111111111111111111111111111111111111111101111111111111111110 1369
11111111111111111111111111111111111111111110111111111111111111111111111111111111111111111111111111111111111111111111111111111110 1368
11111111111111111111111111111111111111111111111111111111111111111111111111101111111111111111111111111111111111111111111111111110 1367
11111111111111111111111111111111111111111111111111111111111111111111111111111111111111111111111111101111111111111111111111111110 1366
11111111111111111111111111111101111111111111111111111111111111111111111111111111111111111111111111111111111111111111111111111110 1360
11111111111111111111111111111111111111111111111111111111111111111111111111111111111110111111111111111111111111111111111111111110 1357
11111111111111111111111111111111111111111111111111111111111111111111111111111111111111111111111111111101111111111111111111111110 1355
00000000000000000000000000000000000000010000000000000000000000000000000000000000000000000000000000000000000000000000000000000000 1354
11111111111111101111111111111111111111111111111111111111111111111111111111111111111111111111111111111111111111111111111111111110 1353
00000000000000000000000000000000000000000000000000000000001000000000000000000000000000000000000000000000000000000000000000000000 1351
11111111111111111111111111111111111111111111111111111111111111111111111111111111111111111111011111111111111111111111111111111110 1350
00000000000000000000000000000000000000000000000000000000000000000000000000000000000000000000000000000000000010000000000000000000 1348
00000000000000000000000000000010000000000000000000000000000000000000000000000000000000000000000000000000000000000000000000000000 1343
11111111111111111111111111111111111111111111111111111111111111111111111111111111111011111111111111111111111111111111111111111110 1341
11111111111111111111111111111011111111111111111111111111111111111111111111111111111111111111111111111111111111111111111111111110 1340
00000000000000000000000000000000000000000000000000000100000000000000000000000000000000000000000000000000000000000000000000000000 1339
11111111111111111111111011111111111111111111111111111111111111111111111111111111111111111111111111111111111111111111111111111110 1338
00000000000000000000000000000000000000000000000000000000000000000000000000000000000000000000000000000000000000000000100000000000 1337
00000000000000000000000000000000000000000000000000000000000000000000000000000000000000000000000000000000000000000000000010000000 1335
00000000000000000000000000000000000000000000010000000000000000000000000000000000000000000000000000000000000000000000000000000000 1334
11111111111111111111111111111111111111111111111111111111111111111111111111111111111111111111110011111111111111111111111111111110 1333
00000000000000000000000000000000000000000000000000000000000000000000000000000000000000100000000000000000000000000000000000000000 1332
11111111111111111111111111111111111111111111111111101111111111111111111111111111111111111111111111111111111111111111111111111110 1330
00000000000000000000000000000000000000000000000000000000000000000000000000000000000000000000010100000000000000000000000000000000 1323
11111111111111111111111111111111111111111111111111111111111111111111111111111111111111111111111111111111111011111111111111101110 1322
11111111111111111111111111111111111111111111111111111111111111111111111011111111111111111111111111111111111111111111111111111110 1321
11111111111111111111111111111111111111101111111111111111111111111111111111111111111111111111111111111111111111111111111111111110 1320
00000000000000000000000100000000000000000000000000000000000000000000000000000000000000000000000000000000000000000000000000000000 1318
11111111111111111111111111111111111111111111111111111111110111111111111111111111111111111111111111111111111111111111111111111110 1317
11111111111111111111111111111111111111111111110111111111111111111111111111111111111111111111111111111111111111111111111111111110 1316
00000000000000000000000000000000000000000000000000000000000000000000000000000001000000000000000100000000000000000000000000000000 1314
00000000000000000000000000000100000000000000000000000000000000000000000000000000000000000000000000000000000000000000000000000000 1313
11111111111111111111111111111111111111111111111111111111111111111111111111111101111111111111111111111111111111111111111111111110 1312
11111111111111111111111111111111111111111111111111111111101111111111111111111111111111111111111111111111111111111111111111111110 1311
00000000000000000000000000000000000000000000000000000000000000000000000000000000000000000000000000000000010000000000000000000000 1310
11111111111111111111111111111111111111111111101111111111111111111111111111111111111111111111111111111111111111111111111111111110 1309
11111111111111111111111111111111111111111111111111111111111111111111111111111111111111111111111111111111111111111011111111111110 1308
11111111111111111111111111111111111111111111111111111111111111111111111111111111111111111111111111111011111111111111111111111110 1306
11111111111111111111111111111111111111111111111111111111111111111111111111111111111111111011111111111111111111111111111111111110 1305
00000000000000000000000000010000000000000000000000000000000000000000000000000000000000000000000000000000000000000000000000000000 1302
00000000000000000000000000000000000000000000000000000000000000000000000000000000000000000000000000000000000000000000000000100010 1301
00000000000000000000000000000000000000000000000000000000000000000000000100000000000000000000000000000000000000000000000000000000 1300
11111111111111111111111111111111111111111111111111111111111111111111111111111111111111111111101011111111111111111111111111111110 1298
11111111111111111111111111111111111111111111111111111111111011111111111111111111111111111111111111111111111111111111111111101110 1297
00000000000000000000000000000000000000000000000000000000000000000000000000000000000000000100000000000000000000000000000000000000 1295
11111111111111111111111111111111111111111111111111111111111111111111111111111111111111111111111111111111111111111111111111011100 1294
00000000000000000000000000000001000000000000000000000000000000010000000000000000000000000000000000000000000000000000000000000000 1292
11111111111111111111111111111111111111111111111111111111111111111111111111111011111111111111111111111111111111111111111111111110 1291
11111111111111111111111111111111111111111111111111111111111111111111111111111111111111111111111111111111111111111111111101111110 1290
00000000000000000000000000000000000000000000000000000000000000000000000000000000000000000000000000000000000000100000000000000010 1288
11111111111111111111111111111111111111111111111111111111111111111111111111111111111111111111111111111111111111111111011111111110 1287
11111111111111111111111111111111111111111111111111111111111111111111111111111111111111111111111111111111111111111111111110101110 1285
11111111111111111111111111111111111111111111111111111111111111111111111111111111111111111111111111111111111111111111101111111010 1284
11111111111111111111111111111111111111111111111111111111111111111111111111111111111111111111111111111111111111001111111111111110 1283
11111111111111111111111111111111111111111111111111111111111111111111111111111111111111101111111011111111111111111111111111111110 1282
11111111111111111111111111111111111111111111111111111111111111111111111111111111111111111111111111111111111111111111101011111110 1281
11111111111111111111111111111111111111111111111111111111111111111111111111111111111111111111111111111110111111101111111111111110 1280
11111111111111111111111111111111111111111111111111111111111111111111111111111111111111111111111111111111111111111111111111110010 1279
11111111111111111111111111111111111111111111111111111111111111111111111111111111111111111111111111111111111110111111111111111010 1278
11111111111111111111111111111111111111111111111111111111111111111111111111111111111111111111111111111111111110101111111111111110 1277
11111111111111111111111111111111111111111111111111111111111111111111111111111111111111111111111111111111110111111111111111111110 1276
00000000000000000000000000000000000000000000000000000000000000000000000000000000000000000000000000000000000000000100000000000000 1275
11111111111111111111111111111111111111111111111111111111111111111111111111111111111111111111111111111111111111111111111111001110 1274
00000000000000000000000000000000000000000000000000000000000000000000000000000000000000000000000000000000000000000010000000000000 1273
11111111111111111111111111111111111111111111111111111111111111111111111111111111111111111111111111111111111111111111110111111100 1272
00000000000000000000000000000000000000000000000000000000000000000000000000000000000000000000000000000000000000000000000001010000 1271
00000000000000000000000000000000000000000000000000000000000000000000000000000000000000000000000000000001000000010000000000000000 1270
11111111111111111111111111111111111111111111111111111101111111111111111111111111111111111111111111111111111111111111111111111110 1269
11111111111111111111111111111111111111111111111011111111111111111111111111111111111111111111111111111111111111101111111111111110 1266
11111111111111111111111111111111111111111111111111111111111111001111111111111111111111111111111111111111111111111111111111111110 1265
00000000000000000000000000000001000000000000000000000000000000000000000000000000000000000000000100000000000000000000000000000000 1264
11111111111111111111111111111111111111111111111111111111111111111111111111111111111111011111111111111111111111111111111111111110 1263
11111111111111111111111111111111111111111111111111111111111111111111111111111111111111111111111111111111111111111111110011111110 1258
00000000000000000000000000000000000000000000000000000000000000100000000000000000000000000000000000000000000000000000000000000010 1257
00000000000000000000000000000000000000000000000000000000000000000000000000000000000000000000000000000000000000000000000000001010 1256
00000000000000000000000000000000000000000000000000000000000000000000000000000000000000000000000000000000000000000001000100000000 1255
11111111111111111111111111111111111111111111111111111111111111111111111111111111111111111111111111111111111111111110111111101110 1253
11111111111111111111111111111111111111111111111111111111111111111111111111111110111111111111111111111111111111101111111111111110 1250
11111111111111111111111111111111111111111111111111111111111111111111111111111111111111111111111111111111111111011111111111111100 1247
11111111111111111111111111111111111111111111111111111111111111111111111111111111111111111111110111111111111111111111111111111100 1246
11111111111111111111111111111111111111111111111111111111111111111111111111111111111111101111111111111111111111111111111011111110 1242
11111111111111111111111111111111111111111111111111111111111111111111111111111111111111111111111111111111111111111111111111110100 1240
00000000000000000000000000000000000000000000000000000000000000000000000000000000000000000000010000000000000000000000000000000100 1236
11111111111111111111111111111111111111111111111111111111111111111111111111111111111111111111111111111111111011101111111111111110 1234
11111111111111111111111111111111111111111111111111111111111111111111111111111111111111111111111111111111111111111111111110111010 1233
11111111111111111111111111111111111111111111111111111110111111111111111111111111111111111111111111111111111111111111111011111110 1232
00000000000000000000000000000000000000000000000000000000000000000000000000000000000000000000000000000000000000110000000000000000 1230
11111111111111111111111111111111111111111111111111111111111111111111111111111111111111111111111111111111111111111101111111111110 1226
11111111111111111111111111111111111111111111111111111111111111111111111111111111111111111111101111111111111111111111111111111010 1224
00000000000000000000000000000000000000000000000000000000000000000000000000000001000000000000000000000000000000010000000000000000 1222
11111111111111111111111111111111111111111111111011111111111111101111111111111111111111111111111111111111111111111111111111111110 1221
11111111111111111111111111111111111111111111111111111111111111111111111111111111111111111111111111111111111111111110111011111110 1220
00000000000000000000000000000000000000000000000000000000000000000000000000000000000000000000000000000000000000000001000000010000 1217
11111111111111111111111111111111111111111111111111111110111111101111111111111111111111111111111111111111111111111111111111111110 1216
11111111111111111111111111111111111111111111111111111111111110111111111111111111111111111111111111111111111111111111111111111010 1215
00000000000000000000000000000000000000000000000000000000000001010000000000000000000000000000000000000000000000000000000000000000 1213
00000000000000000000000000000000000000000000000000000000000001000000000000000000000000000000000000000000000000000000000000000100 1209
00000000000000000000000000000000000000000000000000000000000000000000000000000000000000000000000000000000000001000000000000000100 1198
11111111111111111111111111111110111111111111111111111111111111101111111111111111111111111111111111111111111111111111111111111110 1195
11111111111111111111111111111111111111111111111111111111111111111111111111111111101111111111111111111111111111111111111111111110 528
00000000000000000000000000100000000000000000000000000000000000000000000000000000000000000000000000000000000000000000000000000000 520
00000000000000000000000000000000000000000000000000000000000000000000000000100000000000000000000000000000000000000000000000000000 515
00000000000000000000010000000000000000000000000000000000000000000000000000000000000000000000000000000000000000000000000000000000 512
11111111111111111111111111111111111110111111111111111111111111111111111111111111111111111111111111111111111111111111111111111110 511
00000000000000000001000000000000000000000000000000000000000000000000000000000000000000000000000000000000000000000000000000000000 498
11111111111011111111111111111111111111111111111111111111111111111111111111111111111111111111111111111111111111111111111111111110 497
00000000000000000000000000000000000000000000000000000000000000000000000000000000000010000000000000000000000000000000000000000000 494
11111110111111111111111111111111111111111111111111111111111111111111111111111111111111111111111111111111111111111111111111111110 493
11111111111111111111110111111111111111111111111111111111111111111111111111111111111111111111111111111111111111111111111111111110 492
11111111111111111111111111111111111111111111111111011111111111111111111111111111111111111111111111111111111111111111111111111110 489
00000000000000100000000000000000000000000000000000000000000000000000000000000000000000000000000000000000000000000000000000000000 487
11111111111111111111101111111111111111111111111111111111111111111111111111111111111111111111111111111111111111111111111111111110 485
11111111111111111111111111111111111111111011111111111111111111111111111111111111111111111111111111111111111111111111111111111110 484
11111111111111111111111111111111111111111111111111111111111111111111111111110111111111111111111111111111111111111111111111111110 483
00000000000000000000000000000000000000000000000000000000000000000000010000000000000000000000000000000000000000000000000000000000 481
11111111111111111111111111111111111111111111111111111111111111111111111111111111111111111111111111111111011111111111111111111110 480
00000000000000000000000000000000000000100000000000000000000000000000000000000000000000000000000000000000000000000000000000000000 479
11111111111111111111111111111111111111111111111111111111111111111111111111111111110111111111111111111111111111111111111111111110 476
11111111111111111111111111111111111111111111111111111111111111111111111111111111111111110111111111111111111111111111111111111110 473
11111111111111111111111111111111111111111111111111111111111111111111111111111111111111111111111111110111111111111111111111111110 472
11111111111111111111111111111111111111111111111111111111111111111111111111111111111111111111111111011111111111111111111111111110 471
11111111111111111111111111111111111111111111111111111111111111111111110111111111111111111111111111111111111111111111111111111110 470
00000000000000000000000000000000000000000000000000100000000000000000000000000000000000000000000000000000000000000000000000000000 469
11111111111111111111111111111111111111111111011111111111111111111111111111111111111111111111111111111111111111111111111111111110 468
11111111111111111111111111111111111011111111111111111111111111111111111111111111111111111111111111111111111111111111111111111110 467
00000000000000000000000000000000000000000000000000000000000000000000000000000000001000000000000000000000000000000000000000000000 466
11111111111111111111111111111111111111111111111111111111111111111111111111111111111111111111111110111111111111111111111111111110 465
11111111111110111111111111111111111111111111111111111111111111111111111111111111111111111111111111111111111111111111111111111110 464
11111111111111111111111111110111111111111111111111111111111111111111111111111111111111111111111111111111111111111111111111111110 462
11111111111111111111111111111111111111111111111111111111111111111111111111011111111111111111111111111111111111111111111111111110 461
11111111111111111111111111111111111111111111111111111111111111111111111111111111111111111111111111111111111111110111111111111110 460
11111111111111111111111111111111111111111111111111111111011111111111111111111111111111111111111111111111111111111111111111111110 459
00000000000001000000000000000000000000000000000000000000000000000000000000000000000000000000000000000000000000000000000000000000 457
11111111111111111111111111011111111111111111111111111111111111111111111111111111111111111111111111111111111111111111111111111110 456
11111111111111111110111111111111111111111111111111111111111111111111111111111111111111111111111111111111111111111111111111111110 455
11111111111111111111111111111111111111111111111111111111111111111111111110111111111111111111111111111111111111111111111111111110 453
00000000000000000000000000000000000000000000000000000000010000000000000000000000000000000000000000000000000000000000000001000000 449
11111111111111111111111111111111111111011111111111111111111111111111111111111111111111111111111111111111111111111111111111111110 448
11111111111111111111111111111111111111111111111110111111111111111111111111111111111111111111111111111111111111111111111111111110 446
00000000000000000000000000000000000000000000000000000000000000000001000000000000000000000000000000000000000000000000000000000000 444
11111111111111111111111111111111111111111111111111110111111111111111111111111111111111111111111111111111111111111111111111111110 443
11111111111111111111111111111111111111111111111111111111111111111111101111111111111111111111111111111111111111111111111111111110 442
00000000000000000000000001000000000000000000000000000000000000000000000000000000000000000000000000000000000000000000000000000000 441
00000000000000000000000000000000000000000000000000000000100000000000000000000000000000000000000000000000000000000000000000000000 440
00000000000000000000000000000100000000000000000000000000000000000000000000000000000000000000010000000000000000000000000000000000 437
11111111111111111111111111111111111111111111111111111111111111111111111111111111111101111111111111111111111111111111111111111110 435
11111111111111111111111111111111111111111111111111111111110111111111111111111111111111111111111111111111111111111111111111011110 434
11111111111111111111111111111111111111111111111111111111111111111111111111111010111111111111111111111111111111111111111111111110 431
00000000000000000000000000000000000000000000000000000000000000000000000000000000000000000000000000000000010000000000000001000000 429
00000000000000000000000000000000000000000000000000000000000000000000000000000010000000000000001000000000000000000000000000000000 428
11111111111111111111111111111111111111111111111111111111111111111111111111111111111111111111111111111111111111111010111111111110 427
00000000000000000000000000000000000000000000000000010001000000000000000000000000000000000000000000000000000000000000000000000000 426
00000000000000000000000000000000000000000000000000000000000000000000000000000000000000000000000000000000000000000000000010100000 424
11111111111111111111111111111111111111111111111111111111111111111111111011111111111111101111111111111111111111111111111111111110 423
00000000000000000000000000000000000000000000000000000000000000000000000000000000000000000000000000000101000000000000000000000000 422
11111111111111111111111011111111111111111111111111111111111111111111111111111111111111101111111111111111111111111111111111111110 420
11111111111111111111111111111111111111111111111111111111111111111111111111111111111111111111111111111111111111111101111111011110 418
11111111111111111111111111111111111111111111111111111111111111111111111111111111111111111111111111111111111111111111001111111110 416
11111111111111111111111111111111111111111111111111111111111111111111111111111111111111111111111111111111111111111011101111111110 415
11111111111111111111111111111111111111111111111111111111111111111111111111111111111110111111111111111111111111111111101111111110 414
11111111111111111111111111111111111111111111111111111111111111111111111111111111111111111111111111111111110111111111111111011110 413
11111111111111111111111111111111111111111111111111111111111111111111111111111111111111111111111111111111111101011111111111111110 412
11111111111111111111111111111111111111111111111111111111111111111111111111111111111111111111111111101110111111111111111111111110 411
11111111111111111111111111111111111111111111111111111111111111111111111111111111111111111111111111111111111111111111011111110110 410
11111111111111111111111111111111111111111111111111111111111111111111111111111111111011111110111111111111111111111111111111111110 409
11111111111111101111111111111111111111111111111111111111111111111111111111111110111111111111111111111111111111111111111111111110 408
11111111111111111111111111111111111111111110111111111111111011111111111111111111111111111111111111111111111111111111111111111110 407
11111111111111111111111111111100111111111111111111111111111111111111111111111111111111111111111111111111111111111111111111111110 406
11111111111111111111111111111111111111101111111011111111111111111111111111111111111111111111111111111111111111111111111111111110 405
11111111111111111111111111111111111111111111111111111111111111111111111111111111111111111111111111111111111111111111010111111110 403
00000000000000000000000000000000000000000000001100000000000000000000000000000000000000000000000000000000000000000000000000000000 402
11111111111111111111111111111111111111111111111111111111111111111111111111111111111111111111001111111111111111111111111111111110 401
11111111111111111111111111111111111111111110111011111111111111111111111111111111111111111111111111111111111111111111111111111110 400
11111111111111111111111111111111111111111111111111111111101011111111111111111111111111111111111111111111111111111111111111111110 399
11111111111111111111111111111111111111111111111111111111111111111111111111111111111111111111111111101111111011111111111111111110 398
11111111111111111111111111111111111111111111111111111111111111111111111111111111111111111111111111111111111111111101110111111110 397
11111111111111111111111111111111111111111111111111111111111111111111111111111111111111111111111111111101111111111111110111111110 396
11111111111111111111111111111101111111111111111111111111111111011111111111111111111111111111111111111111111111111111111111111110 395
11111111111111111111111111111111111111111111111111101111111111111111111111111111111111111111111111111111111111111110111111111110 394
11111111111111111111111111111111111111111111111111101110111111111111111111111111111111111111111111111111111111111111111111111110 393
11111111111111111111111111111111111111111111111111111111111111111111111111111111111111111111111111111111101111111111111110111110 392
11111111111111111111111111111111111111111111111111111111111111111111111111111111111111011111110111111111111111111111111111111110 391
11111111111111111111111111111111111111111111111111111111111111111111111111101111111111111110111111111111111111111111111111111110 390
00000000000000000000000000000000000000000000000000000101000000000000000000000000000000000000000000000000000000000000000000000000 389
11111111111111111111111111111111111111111111111111111111111111111111111111111111111111111111111111111011111111111111101111111110 388
11111111111111111111111111111111111111111111111111111111111111111111111111101111111111111111111111111111111011111111111111111110 387
11111111111111111111111111111111111111111111111111111111111100111111111111111111111111111111111111111111111111111111111111111110 386
11111111111111111111111111111111111111111111111111111111101110111111111111111111111111111111111111111111111111111111111111111110 385
11111111111111111111111111111111111111111111111111111111111111111111111111111111111111011111111111111111111111111111110111111110 384
11111111111111111111111111111111111111111111111111111111111101111111111111111111111111111111111111111111111111111111111111110110 383
11111111111111111111111111111111111111111111111111111010111111111111111111111111111111111111111111111111111111111111111111111110 382
11111111111111111111111111111111111111111111111111111111111111111111111111111111111111111111111111111111110011111111111111111110 381
11111111111111111111111111111111111111111111111111111111111111111111111111111111111110111111101111111111111111111111111111111110 380
11111111111111111111111111111111111111111111111111111111111111111111111111111111111111111011101111111111111111111111111111111110 379
11111111111111111111111111111111111111111111111111111111111111111111111011111110111111111111111111111111111111111111111111111110 378
11111111111111111111111111111111111111111111111111111111111111111111111111111111111111111111111111111111111111111111111101110110 377
11111111111111111111111111111111111111111111111111111111111111111111111111111111111111111111111111111111101011111111111111111110 376
00000000000000000000000000000000000000000000001000000000000000100000000000000000000000000000000000000000000000000000000000000000 375
00000000000000000000000000000000000000000000000000000000000000000000000000000000000000000000000000010000000100000000000000000000 373
11111111111111111111111111111111111111111111111111111111111111111111111111111111111111111101111111111111111111111111111111011110 372
00000000000000000000000000000000000000000000000000000000000000000000000000000000000000000000110000000000000000000000000000000000 371
11111111111111111111111111111111111111111111111111111111111111111111111111111111111111111111111111111111111111111011111110111110 370
11111111111111111111111111111111111111111111111111111111111111111111111111111111111111111111111111111101111111011111111111111110 368
11111111111111111111111111111111111111111111111111111111111111111111111111111111111111111111111111111111101110111111111111111110 367
11111111111111111111111111101110111111111111111111111111111111111111111111111111111111111111111111111111111111111111111111111110 365
11111111111111111111111111111111111111111111101111111111111110111111111111111111111111111111111111111111111111111111111111111110 364
00000000000000000000000000000000000000000000000000000000000000000000000000000100000000000000010000000000000000000000000000000000 363
00000000000000000000000000000000000000000000000000000000000000000000000100000000000000000000000000000001000000000000000000000000 362
11111111111111111111111111111111111111111111111111111111111111111111111111111111111111111111111111111111111111111100111111111110 361
11111111111111111111111111111111111111111111111111111111111111111111111111111111111111111111111111111111111101111111111111110110 360
00000000000000000000000000000000000000000000000000000000000000000000000000010000000000000001000000000000000000000000000000000000 359
11111111111111111111111111111111111111111111111111111111111111111111111111111111111111111111111111111111111111111111111100111110 357
00000000000000000000000000000000000000000000000000000000000000000000000000000000000000000000000000000100000001000000000000000000 356
11111111111111111111111111111111111111111111111111111111111111111111111111111111111111111011111111111111111111111111111110111110 355
00000000000000000000000000000000000000000000000000000000000000000000000000000000000100010000000000000000000000000000000000000000 351
11111111111111111111111111111111111111111111111111111111111111111111111111111111111111111111111111111111111111111111111101011110 348
00000000000000000000000000000000000000000000000000000000000000000000000000000000000000100000000000000000000000000000001000000000 344
00000000000000000000000000000000000000000000000000000000000000000000000000000000000000000000000000000000001000100000000000000000 343
11111111111111111111111111111111111111111111111111111111111111111111111111111111111111111111111111111111110111011111111111111110 342
00000000000000000000000000000000000000010000000100000000000000000000000000000000000000000000000000000000000000000000000000000000 341
00000000000000010000000000000001000000000000000000000000000000000000000000000000000000000000000000000000000000000000000000000000 340
00000000000000000000000000000000000000000000000000000000000000000000000000000000000000000000010100000000000000000000000000000100 259
00000000000000000000000000000000000000000000000100000000000000010000000000000000000000000000000000000000000000010000000000000000 240
00000000000000000000000000000000000000000000000000000000000100010000000000000000000000000000000000000000000000000000000000010000 239
00000000000000000000000000000000000000000000000000000000000000000000000000000000000000000000000000000000000000000000000000001110 237
00000000000000000000000000000001000000000000000000000000000000010000000000000000000000000000000100000000000000000000000000000000 235
11111111111111111111111111111111111111111111111111111111111111111111111111111111111111111111111111111111111111111111111110101010 234
00000000000000000000000000000000000000000000000000000000000000000000000000000000000000000000000000000000000000110000000000000010 230
11111111111111111111111111111111111111111111111111111111111111111111111111111111111111111111101011111111111111111111111111111010 225
00000000000000000000000000000000000000000000000000000000000000010000000000000000000000000000000000000000000000010000000000000000 224
11111111111111111111111111111111111111111111111111111110111111101111111111111111111111111111111111111111111111111111111011111110 222
11111111111111111111111111111111111111111111111111111111111111111111111111111111111111111111111111111111111011101111111111101110 221
11111111111111111111111111111111111111111111111111111111111111111111111111111110111111111111111011111111111111101111111111111110 220
11111111111111111111111111111111111111111111111111111111111111001111111111111111111111111111111111111111111111111111111111111100 219
11111111111111111111111111111111111111111111111111111111111111111111111111111111111111111111111111111111111111111111110011111100 218
11111111111111111111111111111111111111111111111111111111111111111111111111111111111111111111111111111111111111101111111111111100 217
11111111111111111111111111111111111111111111111111111111111111111111111111111111111111111111111111111111111111111111111111001100 216
11111111111111111111111111111111111111111111111111111111111111111111111111111111111111111111111111111111111111001111111111111100 215
11111111111111111111111111111111111111111111111111111111111111101111111111111111111111111111111011111111111111111111111111111110 214
11111111111111111111111111111111111111111111111111111111111111111111111111111111111111111111111111111111111111111111111111110000 213
11111111111111111111111111111111111111111111111111111111111111111111111111111111111111111111111111111111111111111111101011111010 212
11111111111111111111111111111111111111111111111111111111111111111111111111111111111111111111111111111111111111111111111111101010 211
00000000000000000000000000000000000000000000000000000000000000010000000000000000000000000000000000000000000000000000000100000000 210
00000000000000000000000000000000000000000000000000000000000001010000000000000000000000000000000000000000000000000000000000000100 209
11111111111111111111111111111111111111111111111111111111111111111111111111111111111111111111111111111111111111111110111011101110 208
00000000000000000000000000000000000000000000000000000000000000000000000000000000000000000000000000000000000000010000000000000100 207
11111111111111111111111111111111111111111111111111111111111111111111111111111111111111111111111111111111111111111111111011101110 205
00000000000000000000000000000000000000000000000000000000000000000000000000000000000000000000000000000000000000010000000000010000 204
00000000000000000000000000000000000000000000000000000000000000000000000000000000000000000000000000000000000001010000000000000100 203
11111111111111111111111111111111111111111111111111111111111111111111111111111111111111111111110011111111111111111111111111111100 202
11111111111111111111111111111111111111111111111111111111111111111111111111111111111111111111111111111111111111111111111011111100 201
11111111111111111111111111111111111111111111111111111111111111101111111111111111111111111111111111111111111111111111111111111010 200
00000000000000000000000000000000000000000000000000000000000000000000000000000000000000010000000100000000000000000000000100000000 199
00000000000000000000000000000000000000000000000000000000000000110000000000000000000000000000000000000000000000000000000000000010 198
11111111111111111111111111111111111111111111111111111111111111111111111111111111111111111111111111111111111111111111111111101100 196
11111111111111111111111111111111111111111111111111111111111111111111111111111111111111111110111011111111111111111111111111101110 195
11111111111111111111111111111111111111111111111111111111111111111111111111111111111111111111111111111111111111111111111111111000 193
00000000000000000000000000000000000000000000000000000000000000000000000000000000000000000000000000000000000000000000000000000110 192
11111111111111111111111111111111111111111111111111111111111111111111111111111111111111111111111011111111111111111111111011111110 191
11111111111111111111111111111111111111111111111101111111111111111111111111111111111111111111111111111111111111111111111111111110 190
11111111111111111111111111111111111111111111111111111111111111111111111111111111111111111111111011111111111111111111111111111010 189
11111111111111111111111111111111111111111111111111111111111111111111111111111111111111111111111111111111111111101111111111101110 186
11111111111111111111111111111111111111111111111111111111111111101111111111111111111111111111111111111111111111111111111011111110 185
00000000000000000000000000000000000000000000000000000000000000000000000000000000000000000000000100000000000000010000000000000000 183
11111111111111111111111111111111111111111111111111111111111111111111111111111111111111111111111111111111111111101111111011111110 182
00000000000000000000000010000000000000000000000000000000000000000000000000000000000000000000000000000000000000000000000000000000 180
11111111111111111111111111111111111111110111111111111111111111111111111111111111111111111111111111111111111111111111111111111110 176
00000000000000000000000000000000000000000000000000000000000000000010000000000000000000000000000000000000000000000000000000000000 174
00000000000000000010000000000000000000000000000000000000000000000000000000000000000000000000000000000000000000000000000000000000 173
00000000000000000000000000000000000000000001000000000000000100010000000000000000000000000000000000000000000000000000000000000000 172
11111111111111111111111111111111111111111111111111111111111111111111111111111111111111111111111101111111111111111111111111111110 171
00000000010000000000000000000000000000000000000000000000000000000000000000000000000000000000000000000000000000000000000000000000 170
00000000000000000000000000000000000010000000000000000000000000000000000000000000000000000000000000000000000000000000000000000000 169
11111111101111111111111111111111111111111111111111111111111111111111111111111111111111111111111111111111111111111111111111111110 168
11111111111111111111111111111111111111111111111111111111111111111111111111111111111111111111111111111111111111111111111110001110 167
11111111111111111111111111111111101111111111111111111111111111111111111111111111111111111111111111111111111111111111111111111110 166
11111111111111111111111111111111111111111111111111111111111111111111111111111111111111111111111111111111111011001111111111111110 165
11111111111111111111111111111111111111111110111111111111111011111111111111111111111111111111111111111111111111111111111111101110 164
11111111111111111011111111111111111111111111111111111111111111111111111111111111111111111111111111111111111111111111111111111110 163
11111111111111111111111111111111111111111111111111111111111111111111111111111111111111111111001111111111111111111111111111111010 162
11111111111111111111111111111111111111111111111111111111111111111111111011111111111111111111111111111110111111101111111111111110 161
00000000000000000000000000000000000000001000000000000000000000000000000000000000000000000000000000000000000000000000000000000000 160
11111111111111111111111111111111111111111111111111111111111111111111111111111011111111111111101111111111111111111111111111111010 159
11111111111111111111111111111111111111111111111111111111111111111111111111111111111111111111111111111111111111011111110111111100 158
11111111111111111111111111111111111111111111111111111111111111111111111111111111111111111111111111101111111111111110111011111110 157
11111111111111111111111111111111111111111111111111111111111111111111111111111111111111111111111111111111101011111111111111101110 156
11111111111111111111111111111111111111111111111111111111111111111111111111111111111111011111110111111111111111111111111111111100 155
11111111111111111111111111111111111111111111111111111111111111111111111111111111111111111111111111111111101110111111111111111010 154
11111111111111111111111111111111111111111111111111111111111111111111111111111111111111111101111111111111111111111111111111011100 153
11111111111111111111111111111111111111111111111111111111111111111111111111111111111111111111111111111111111111111111010111111100 152
11111111111111111111111111111111111111111111111111111111111111111111111111111111111111111111101111111111111110111111111111111010 151
11111111111111111111111111111111111111111111111111111111111111111111111111101111111111111110111011111111111111111111111111111110 150
11111111111111111111111111111111111111111111111111111111111111111111111111111111111111111111111111111111110111001111111111111110 149
11111111111111111111111111111111111111111111111111111111111110111111111111111111111111111111111111111111111110111111111111111010 148
11111111111111111111111111111111111111111111111111111111111111111111111111111111111111111111111111111100111111111111111011111110 147
11111111111111111111111111111111111111111111111111111111111111111111111111111111111111111111111111111111111011111110111111101110 146
11111111111111111111111111111111111111111111111111111111111111111111111111111111111111111111111111111111111111111011101111111010 145
11111111111111111111111111111111111111111111111111111111111111111111111111111111111111111111111111111111101011101111111111111110 144
11111111111111111111111111111111111111111111111111111111111111111111111111111111111111111111111111111111111111111110111111001110 143
11111111111111111111111111111111111111111111111111111111111111111111111111111111111111111101110011111111111111111111111111111110 142
11111111111111111111111111111111111111111111111111111111111111111111111111111111111111111111111111111110111110101111111111111110 141
11111111111111111111111111111111111111111111111111111111111111111111111111111111111111111111111111111111111111111111011111110100 140
11111111111111111111111111111111111111111111111111111111111111111111111111111111111111111111111111111111111111111101110011111110 139
11111111111111111111111111111111111111111111111111111111111111111111111111111111111111111111111111111111111111111111111101011100 138
11111111111111111111111111111111111111111111111111111111111111111111111111111111111111111111111111111111111111111101110111111100 137
11111111111111111111111111111111111111111111111111111111111111111111111111111111111111111111111111111111111111111111101111110010 136
11111111111111111111111111111111111111111111111111111111111111111111111111111111111111111111111111111111101011111111111110101110 135
11111111111111111111111111111111111111111111111111111111111111111111111111111111111111111111111111111111111111111111111100001110 134
11111111111111111111111111111111111111111111111111111111111111111111111111111111111111111111111111111111111111111111111100111010 133
11111111111111111111111111111111111111111111111111111111111111111111111111111111111111111111111111111111111111111111111101001110 132
11111111111111111111111111111111111111111111111111111111111111111111111111111111111111111111111111111111111111111111001111111010 131
11111111111111111111111111111111111111111111111111111111111111111111111111111111111111111111111111111111111111111111011111110010 130
11111111111111111111111111111111111111111111111111111111111111111111111111111111111111111111111111111111111111111111111111010100 129
11111111111111111111111111111111111111111111111111111111111111111111111111111111111111111111111111111111111111111011111110101110 128
11111111111111111111111111111111111111111111111111111111111111111111111111111111111111111111111111111111111111111011101011111110 127
11111111111111111111111111111111111111111111111111111111111111111111111111111111111111111111111111111111111111111010111110101110 126
11111111111111111111111111111111111111111111111111111111111111111111111111111111111111111111111111111111111110111111101111111010 125
11111111111111111111111111111111111111111111111111111111111111111111111111111111111111111111111111111111111111111111001111110010 124
11111111111111111111111111111111111111111111111111111111111111111111111111111111111111111111111111111111111111111101111011111110 123
11111111111111111111111111111111111111111111111111111111111111111111111111111111111111111111111111111111111111111111110111011100 122
11111111111111111111111111111111111111111111111111111111111111111111111111111111111111111111111111111111111111111111100011111110 121
11111111111111111111111111111111111111111111111111111111111111111111111111111111111111111111111111111111111111111111111101111010 120
11111111111111111111111111111111111111111111111111111111111111111111111111111111111111111111111111111111111111111111111110110010 119
11111111111111111111111111111111111111111111111111111111111111111111111111111111111111111111111111111111111111111111101110111010 118
11111111111111111111111111111111111111111111111111111111111111111111111111111111111111111111111111111111111111111111110111110100 117
11111111111111111111111111111111111111111111111111111111111111111111111111111111111111111111111111111010111110101111111111111110 116
11111111111111111111111111111111111111111111111111111111111111111111111111111111111111111111111111111111110111111111111111111100 115
11111111111111111111111111111111111111111111111111111111111111111111111111111111111111111111111111111111111111111111111101111100 114
11111111111111111111111111111111111111111111111111111111111111111111111111111111111111111111111111111111111111111111111101110100 113
11111111111111111111111111111111111111111111111111111111111111111111111111111111111111111111111111111111111111111101111111111100 112
11111111111111111111111111111111111111111111111111111111111111111111111111111111111111111111111111111111111111111100110011111110 111
11111111111111111111111111111111111111111111111111111111111111111111111111111111111111111111111111111111111111111011111111101110 110
11111111111111111111111111111111111111111111111111111111111111111111111111111111111111111111111111111111101111101111111111111110 109
11111111111111111111111111111111111111111111111111111111111111111111111111111111111111111111111111111111111111111110110011111110 108
11111111111111111111111111111111111111111111111111111111111111111111111111111111111111111111111111111111111111111111010111110100 107
11111111111111111111111111111111111111111111111111111111111111111111111111111111111111111111111110111111101111111111111111111110 106
11111111111111111111111111111111111111111111111111111111111111111111111111111111111111111111111111111111111101111111111111111100 105
11111111111111111111111111111111111111111111111111111111111111111111111111111111111111111111111111101111111111101111111111111110 104
11111111111111111111111111111111111111111111111111111111111111111111111111111111111111111111111111111111111111111111111100110010 103
11111111111111111111111111111111111111111111111111111111111111111111111111101111111111111111111111111111111111101111111111111110 102
11111111111111111111111111111111111111111111111111111111111111111111111111111111111111111111000011111111111111111111111111111110 101
11111111111111111111111111111111111111111111111111111111111111111111111111111111111111111111111111111111111111111111111101101110 100
11111111111111111111111111111111111111111111111111111111111111111111111111111111111111111111011111111111111111111111111111111100 99
11111111111111111111111111111111111111111111111111111111111111111111111111111111111111111111111111111111111101111111111111111010 98
11111111111111111111111111111111111111111111111111111111111111111111111111111111111111111111111111111011111111111111111011111110 97
11111111111111111111111111111111111111111111111111111111111111111111111111111111111111111111111111111111111111111111011111111010 96
11111111111111111111111111111111111111111111111111111111111111111111111111111111111111111011111111111111111111111111111111101110 95
11111111111111111111111111111111111111111111111111111111111111111111111111111111111111111111111111111111111111111111011011111110 94
11111111111111111111111111111111111111111111111111111111111111111111111111111111111111111111111111111111111111111101111111101110 93
11111111111111111111111111111111111111111111111111111111111111111111111111111111111111111111111111111111111101011111111111110100 92
11111111111111111111111111111111111111111111111111111111111111111111111111111111111111111111111111111011111111101111111111111110 91
00000000000000000000000000000000000000000000000000000000000000000000000000000000000000000000000000000000000010000000000000000010 90
11111111111111111111111111111111111111111111111111111111111111111111111111111100111111111111111111111111111111011111111111111110 89
11111111111111111111111111111111111111111111111111111111111111111111111111111111111111001111111111111111111111111111110111111110 88
11111111111111111111111111111111111111111111111111111111111111111111111111111111111111111111111111111101111111111111111111111100 87
11111111111110111111111111111011111111111111111111111111111111111111111111111111111111111111111111111111111111111111111111111110 86
11111111111111111111111111111111111111111111111111111111111111111111111111111111111111111111111111101110111111111110111011111110 85
11111111111111111111111111111111111111111111111111111111111111111111111111111111111111111111111111101110111011111111111111111110 84
11111111111111111111111111111111111111111111111111111111111111111111111111111111111111111111111111111010111111111111101111111110 83
11111111111111111111111111111111111111111111111111111111111111111111111111111111111111111111111111111111110011011111111111111110 82
11111111111111111111111111111111111111111111111111111111111111111111111111111111111111111111111111111111111111111111000111111110 81
11111111111111111111111111111111111111111111111111111111111111111111111111111101111111111111110111111111111111011111111111111110 80
11111111111111111111111111111111111111111111111111111111110011011111111111111111111111111111111111111111111111111111111111111110 79
11111111111111111111111111111111111111111111111111111111111111111111111111111111111111111111111111111101111111011111110111111110 78
11111111111111111111111111111111111111111111111111111111111111111111111111111111111111111111111111111111110111011111111111011110 77
11111111111111111111111111111111111111111111111111111111111111111111111111111111111111111111111111101110111111111110111111111110 76
11111111111111111111111111111111111111111111111111111111111111111111111111111111111111111111111111111111110011111111111111011110 75
11111111111111111111111111111111111111111111111111111111111111111111111111111111111111111111111111111111101110111111111110111110 74
11111111111111111111111111111111111111111111111111111111111111111111111111111111111111111111111111111111111111111111111101010110 73
11111111111111111111111111111111111111111111111111111111111111111111111111111111111111111111111111111111111111111100110111111110 72
11111111111111111111111111111111111111111111111111111111111111111111111111111111111111111111111111111111111111111111010111110110 71
11111111111111111111111111111111111111111111111111111111111111111111111111111111111111111111111111111111111111111111001111110110 70
11111111111111111111111111111111111111111111111111111111111111111111111111111111111111111111111111111111111111111111111110011110 69
11111111111111111111111111111111111111111111111111111111111111111111111111111111111111111111111111111111111111111111110111110110 68
11111111111111111111111111111111111111111111111111111111111111111111111111111111111111111111111111111111111111111111100111111110 67
11111111111111111111111111111111111111111111111111111111111111111111111111111111111111111111111111111111111111111010101111111110 66
11111111111111111111111111111111111111111111111111111111111111111111111111111111111111111111111111111111111111111111111111010110 65
11111111111111111111111111111111111111111111111111111111111111111111111111111111111111111111111111111111111111111111111100110110 64
11111111111111111111111111111111111111111111111111111111111111111111111111111111111111111111111111111111111111111111101111101110 63
11111111111111111111111111111111111111111111111111111111111111111111111111111111111111111111111111111111111111111011101110111110 62
11111111111111111111111111111111111111111111111111111111111111111111111111111111111111111111111111111111111111111111111100011110 61
11111111111111111111111111111111111111111111111111111111111111111111111111111111111111111111111111111111111011011111111111111110 60
11111111111111111111111111111111111111111111111111111111111111111111111111111111111111111111111111111111111111111111111111100110 59
11111111111111111111111111111111111111111111111111111111111111111111111111111111111111111111111111111111111111111111110111011110 58
11111111111111111111111111111111111111111111111111111111111111111111111111111111111111111111111111111111111111111111111111011010 57
11111111111111111111111111111111111111111111111111111111111111111111111111111111111111111111111111111111111111111110111110111110 56
11111111111111111111111111111111111111111111111111111111111111111111111111111111111111111111111111111111111111111111111011011110 55
11111111111111111111111111111111111111111111111111111111111111111111111111111111111111111111111111111111111111111111111010111110 54
11111111111111111111111111111111111111111111111111111111111111111111111111111111111111111111111111111111111111101111111111110110 53
11111111111111111111111111111111111111111111111111111111111111111111111111111111111111111111111111111111111111111111111011110110 52
11111111111111111111111111111111111111111111111111111111111111111111111111111111111111111111111111111111111111111110101111111110 51
11111111111111111111111111111111111111111111111111111111111111111111111111111111111111111111111111111111111111111111111110111100 50
11111111111111111111111111111111111111111111111111111111111111111111111111111111111111111111111111111111111111101111110111111110 49
11111111111111111111111111111111111111111111111111111111111111111111111111111111111111111111011111111111111111111111011111110110 48
11111111111111111111111111111111111111111111111111111111111111111111111111111111111111111111111111111111111111101111111111011110 47
11111111111111111111111111111111111111111111111111111111111111111111111111111111111111111111111111111111110101011111111111111110 46
11111111111111111111111111111111111111111111111111111111111111111111111111111111111111111111111111111111001111111111111110111110 45
11111111111111111111111111111111111111111111111111111111111111111111111111111111111111111111111111111111111111110111111100111110 44
11111111111111111111111111111111111111111111111111111111111111111111111111111111111111111111111111111111111111110111111101011110 43
11111111111111111111111111111111111111111111111111111111111111111111111111111111111111111111111111110101111111111111110111111110 42
11111111111111111111111111111111111111111111111111111111111111111111111111111111111111111111111111111111111111111011111100111110 41
11111111111111111111111111111111111111111111111111111111111111111111111111111111111111111111111111111111111111111000111111111110 40
11111111111111111111111111111111111111111111111111111111111111111111111111111111111111111111111111111111111111111111111101001100 39
11111111111111111111111111111111111111111111111111111111111111111111111111111111111111111111111111111111111111111111011101110110 38
11111111111111111111111111111111111111111111111111111111111111111111111111111111111111111111111111111111111111110111010111111110 37
11111111111111111111111111111111111111111111111111111111111111111111111111111111111111111111111111110011111100111111111111111110 36
11111111111111111111111111111111111111111111111111111111111111111111111111111111111111111111111111111111111111111011111110101010 35
11111111111111111111111111111111111111111111111111111111111111111111111111111111111111111111111111111111111111111101111101011110 34
11111111111111111111111111111111111111111111111111111111111111111111111111111111111111111111111111111111111111111111001011111010 33
11111111111111111111111111111111111111111111111111111111111111111111111111111111111111111111111111111111111111111111111101110000 32
11111111111111111111111111111111111111111111111111111111111111111111111111111111111111111111111111111111111111111010101011101110 31
11111111111111111111111111111111111111111111111111111111111111111111111111111111111111111111111111111111111111111111010011111100 30
11111111111111111111111111111111111111111111111111111111111111111111111111111111111111111111111111111111111111111111111100101010 29
11111111111111111111111111111111111111111111111111111111111111111111111111111111111111111111111111111111111111111111111101011010 28
11111111111111111111111111111111111111111111111111111111111111111111111111111111111111111111111111111111111111111111111100001100 27
11111111111111111111111111111111111111111111111111111111111111111111111111111111111111111111111111111111111111111111111111100100 26
11111111111111111111111111111111111111111111111111111111111111111111111111111111111111111111111111111111111111111110111011111100 25
11111111111111111111111111111111111111111111111111111111111111111111111111111111111111111111111111111111111111111111101110101010 24
11111111111111111111111111111111111111111111111111111111111111111111111111111111111111111111111111111111111111111111111111100010 23
11111111111111111111111111111111111111111111111111111111111111111111111111111111111111111111111111111111111111111111111111000100 22
11111111111111111111111111111111111111111111111111111111111111111111111111111111111111111111111111111111111111111111111111011000 21
11111111111111111111111111111111111111111111111111111111111111111111111111111111111111111111111111111111111111111111111111010000 20
11111111111111111111111111111111111111111111111111111111111111111111111111111111111111111111111111111111111111111111111101000100 19
11111111111111111111111111111111111111111111111111111111111111111111111111111111111111111111111111111111111111111111111101010010 18
11111111111111111111111111111111111111111111111111111111111111111111111111111111111111111111111111111111111111111111111110011010 17
11111111111111111111111111111111111111111111111111111111111111111111111111111111111111111111111111111111111111111111111110001010 16
11111111111111111111111111111111111111111111111111111111111111111111111111111111111111111111111111111111111111111111111110101100 15
11111111111111111111111111111111111111111111111111111111111111111111111111111111111111111111111111111111111111111111111110110000 14
11111111111111111111111111111111111111111111111111111111111111111111111111111111111111111111111111111111111111111111111110110100 13
11111111111111111111111111111111111111111111111111111111111111111111111111111111111111111111111111111111111111111111111110100010 12
11111111111111111111111111111111111111111111111111111111111111111111111111111111111111111111111111111111111111111111111100001010 11
11111111111111111111111111111111111111111111111111111111111111111111111111111111111111111111111111111111111111111111111111001010 10
11111111111111111111111111111111111111111111111111111111111111111111111111111111111111111111111111111111111111111111101100110010 9
11111111111111111111111111111111111111111111111111111111111111111111111111111111111111111111111111111111111111111111111100011010 8
11111111111111111111111111111111111111111111111111111111111111111111111111111111111111111111111111111111111111111111111111000110 7
11111111111111111111111111111111111111111111111111111111111111111111111111111111111111111111111111111111111111111111111111101000 6
11111111111111111111111111111111111111111111111111111111111111111111111111111111111111111111111111111111111111111111111101111000 5
11111111111111111111111111111111111111111111111111111111111111111111111111111111111111111111111111111111111111111111111110010010 4
11111111111111111111111111111111111111111111111111111111111111111111111111111111111111111111111111111111111111111111111111100000 3
11111111111111111111111111111111111111111111111111111111111111111111111111111111111111111111111111111111111111111111111111000000 2
11111111111111111111111111111111111111111111111111111111111111111111111111111111111111111111111111111111111111111111111111001000 1
