00000000000000000000000000000000000000000000000000000000000000000000000000000000000000000000000000000000000000000000000000000000	7.0	852022
11111111111111111111111111111111111111111111111111111111111111111111111111111111111111111111111111111111111111111111111111111111	7.0	850772
10000000000000000000000000000000000000000000000000000000000000000000000000000000000000000000000000000000000000000000000000000000	17.5	33955
01111111111111111111111111111111111111111111111111111111111111111111111111111111111111111111111111111111111111111111111111111111	17.5	33787
00000000000000000000000000000000000000000000000000000000000000001000000000000000000000000000000000000000000000000000000000000000	21.0	6090
11110111111111111111111111111111111111111111111111111111111111111111111111111111111111111111111111111111111111111111111111111111	24.5	6019
11111111111111111111111111111111111111111111111111111111111111110111111111111111111111111111111111111111111111111111111111111111	21.0	6007
11011111111111111111111111111111111111111111111111111111111111111111111111111111111111111111111111111111111111111111111111111111	24.5	5996
01000000000000000000000000000000000000000000000000000000000000000000000000000000000000000000000000000000000000000000000000000000	24.5	5985
00001000000000000000000000000000000000000000000000000000000000000000000000000000000000000000000000000000000000000000000000000000	24.5	5968
10111111111111111111111111111111111111111111111111111111111111111111111111111111111111111111111111111111111111111111111111111111	24.5	5967
00000000000000001000000000000000000000000000000000000000000000000000000000000000000000000000000000000000000000000000000000000000	24.5	5965
11111111011111111111111111111111111111111111111111111111111111111111111111111111111111111111111111111111111111111111111111111111	24.5	5962
00000000100000000000000000000000000000000000000000000000000000000000000000000000000000000000000000000000000000000000000000000000	24.5	5941
00000000000000000000000000000000100000000000000000000000000000000000000000000000000000000000000000000000000000000000000000000000	24.5	5894
11111111111111111111111111111111011111111111111111111111111111111111111111111111111111111111111111111111111111111111111111111111	24.5	5886
00100000000000000000000000000000000000000000000000000000000000000000000000000000000000000000000000000000000000000000000000000000	24.5	5879
11111111111111110111111111111111111111111111111111111111111111111111111111111111111111111111111111111111111111111111111111111111	24.5	5847
00000000000000000000100000000000000000000000000000000000000000000000000000000000000000000000000000000000000000000000000000000000	24.5	3227
11111111111111111111111111111111111111111111111111111111111111111111111101111111111111111111111111111111111111111111111111111111	24.5	3197
11111111111111111011111111111111111111111111111111111111111111111111111111111111111111111111111111111111111111111111111111111111	24.5	3167
11111111111111111111111111111111111111111111111111111111111111111111111111111111111111111111111101111111111111111111111111111111	24.5	3165
00000000000000000000000000000000000000000000000000000000000000000000100000000000000000000000000000000000000000000000000000000000	24.5	3161
11111111111101111111111111111111111111111111111111111111111111111111111111111111111111111111111111111111111111111111111111111111	24.5	3160
11101111111111111111111111111111111111111111111111111111111111111111111111111111111111111111111111111111111111111111111111111111	24.5	3152
11111111111111111111111111111111111111111111111101111111111111111111111111111111111111111111111111111111111111111111111111111111	24.5	3135
00000000000000000100000000000000000000000000000000000000000000000000000000000000000000000000000000000000000000000000000000000000	24.5	3131
11111111110111111111111111111111111111111111111111111111111111111111111111111111111111111111111111111111111111111111111111111111	24.5	3126
11111111111111111101111111111111111111111111111111111111111111111111111111111111111111111111111111111111111111111111111111111111	24.5	3120
00000000000000000000000000000000000010000000000000000000000000000000000000000000000000000000000000000000000000000000000000000000	24.5	3119
11111111111111111111111111111111101111111111111111111111111111111111111111111111111111111111111111111111111111111111111111111111	24.5	3116
11111111111111111111111111111111111111110111111111111111111111111111111111111111111111111111111111111111111111111111111111111111	24.5	3112
00000000000000000000000000000000001000000000000000000000000000000000000000000000000000000000000000000000000000000000000000000000	24.5	3101
00000000000000000000000000000000000000000000000000000000000000000000000000000000000000000000000010000000000000000000000000000000	24.5	3100
00000000000000000000000000000000000000000000000000000000000000000000000010000000000000000000000000000000000000000000000000000000	24.5	3094
00000010000000000000000000000000000000000000000000000000000000000000000000000000000000000000000000000000000000000000000000000000	24.5	3091
00000000000000000000000000000000000000000000000000000000000000000100000000000000000000000000000000000000000000000000000000000000	24.5	3089
00000000001000000000000000000000000000000000000000000000000000000000000000000000000000000000000000000000000000000000000000000000	24.5	3087
11111111111111111111111111111111111111111111111111111111111111111101111111111111111111111111111111111111111111111111111111111111	24.5	3085
11111111111111111111111111111111111111111111111111111111111111111011111111111111111111111111111111111111111111111111111111111111	24.5	3080
00000000000000000000000000000000000000000000000000000000000000000000000000000000100000000000000000000000000000000000000000000000	24.5	3078
00000100000000000000000000000000000000000000000000000000000000000000000000000000000000000000000000000000000000000000000000000000	24.5	3068
11111111111111111111011111111111111111111111111111111111111111111111111111111111111111111111111111111111111111111111111111111111	24.5	3065
11111111111111111111111111111111111111111111111111111111111111111111111111111111011111111111111111111111111111111111111111111111	24.5	3063
00000000000010000000000000000000000000000000000000000000000000000000000000000000000000000000000000000000000000000000000000000000	24.5	3062
11111111111111111111111111111111110111111111111111111111111111111111111111111111111111111111111111111111111111111111111111111111	24.5	3054
00000000000000000010000000000000000000000000000000000000000000000000000000000000000000000000000000000000000000000000000000000000	24.5	3047
11111111101111111111111111111111111111111111111111111111111111111111111111111111111111111111111111111111111111111111111111111111	24.5	3046
11111111111111111111111111111111111111111111111111111111111111111111011111111111111111111111111111111111111111111111111111111111	24.5	3041
11111101111111111111111111111111111111111111111111111111111111111111111111111111111111111111111111111111111111111111111111111111	24.5	3040
00000000010000000000000000000000000000000000000000000000000000000000000000000000000000000000000000000000000000000000000000000000	24.5	3037
11111111111111111111111101111111111111111111111111111111111111111111111111111111111111111111111111111111111111111111111111111111	24.5	3035
00000000000000000000000000000000000000001000000000000000000000000000000000000000000000000000000000000000000000000000000000000000	24.5	3032
00010000000000000000000000000000000000000000000000000000000000000000000000000000000000000000000000000000000000000000000000000000	24.5	3031
00000000000000000000000010000000000000000000000000000000000000000000000000000000000000000000000000000000000000000000000000000000	24.5	3022
11111111111111111111111111111111111101111111111111111111111111111111111111111111111111111111111111111111111111111111111111111111	24.5	3001
00000000000000000000000000000000010000000000000000000000000000000000000000000000000000000000000000000000000000000000000000000000	24.5	2975
01111111111111111111111111111111011111111111111111111111111111111111111111111111111111111111111111111111111111111111111111111111	28.0	2366
01110111111111111111111111111111111111111111111111111111111111111111111111111111111111111111111111111111111111111111111111111111	28.0	2365
10000000000000000000000000000000100000000000000000000000000000000000000000000000000000000000000000000000000000000000000000000000	28.0	2364
01111111111111110111111111111111111111111111111111111111111111111111111111111111111111111111111111111111111111111111111111111111	28.0	2340
01111111011111111111111111111111111111111111111111111111111111111111111111111111111111111111111111111111111111111111111111111111	28.0	2324
10000000100000000000000000000000000000000000000000000000000000000000000000000000000000000000000000000000000000000000000000000000	28.0	2321
10000000000000000000000000000000000000000000000000000000000000001000000000000000000000000000000000000000000000000000000000000000	24.5	2316
10000000000000001000000000000000000000000000000000000000000000000000000000000000000000000000000000000000000000000000000000000000	28.0	2294
10001000000000000000000000000000000000000000000000000000000000000000000000000000000000000000000000000000000000000000000000000000	28.0	2274
11000000000000000000000000000000000000000000000000000000000000000000000000000000000000000000000000000000000000000000000000000000	21.0	2264
00111111111111111111111111111111111111111111111111111111111111111111111111111111111111111111111111111111111111111111111111111111	21.0	2254
01111111111111111111111111111111111111111111111111111111111111110111111111111111111111111111111111111111111111111111111111111111	24.5	2228
01011111111111111111111111111111111111111111111111111111111111111111111111111111111111111111111111111111111111111111111111111111	24.5	2215
00000000000000000000010000000000000000000000000000000000000000000000000000000000000000000000000000000000000000000000000000000000	24.5	1636
00000000000000000000000000000000000000000000000000000000000000000000000001000000000000000000000000000000000000000000000000000000	24.5	1616
11111111111111111111111111111111111111111111111111111111111111111111111111111111111111111111111111110111111111111111111111111111	24.5	1590
11111111111111111111111111111111111111111111111111111111111111111111101111111111111111111111111111111111111111111111111111111111	24.5	1584
11111111111111111111111111111111111111111111011111111111111111111111111111111111111111111111111111111111111111111111111111111111	24.5	1580
00000000000000000000000000000000000000000000000001000000000000000000000000000000000000000000000000000000000000000000000000000000	24.5	1578
00000000000000100000000000000000000000000000000000000000000000000000000000000000000000000000000000000000000000000000000000000000	24.5	1573
11111111111111111111111111111111111111011111111111111111111111111111111111111111111111111111111111111111111111111111111111111111	24.5	1572
11111111111111111111111111111111111111111111111111111111111111111111111111111111111111111111111111111111011111111111111111111111	24.5	1569
11111111111111111111111111111111111111111111111111111111111111111111111111111111101111111111111111111111111111111111111111111111	24.5	1564
11111111111111111111111111111111111111111111111111111111111111111111111111111111111101111111111111111111111111111111111111111111	24.5	1559
00000000000000000000000000000000000000000000000000100000000000000000000000000000000000000000000000000000000000000000000000000000	24.5	1555
11111111111111111111111111111111111111111111111111111111111111111110111111111111111111111111111111111111111111111111111111111111	24.5	1554
00000000000000000000000000000000000000000000000000000000000000000000010000000000000000000000000000000000000000000000000000000000	24.5	1553
00000000000000000000000000000000000000000000100000000000000000000000000000000000000000000000000000000000000000000000000000000000	24.5	1547
00000000000000000000000000000000000000000000000000000000000000000000000000000000000000001000000000000000000000000000000000000000	24.5	1546
00000000000000000000000000000000000000000000000000000000000000000000000000100000000000000000000000000000000000000000000000000000	24.5	1543
11111111111111111111111111111111111111111111111111111111011111111111111111111111111111111111111111111111111111111111111111111111	24.5	1542
11111111111111111111111111111111111111111111111111111111111111111111110111111111111111111111111111111111111111111111111111111111	24.5	1540
11111111111111111111111111111111111111111111111111111111111111111111111111111111111111111111111110111111111111111111111111111111	24.5	1539
00000000000000000000000000000000000001000000000000000000000000000000000000000000000000000000000000000000000000000000000000000000	24.5	1537
11111111111111111111111111111111111111111101111111111111111111111111111111111111111111111111111111111111111111111111111111111111	24.5	1534
11111110111111111111111111111111111111111111111111111111111111111111111111111111111111111111111111111111111111111111111111111111	24.5	1533
11111111111111111111111111111111111011111111111111111111111111111111111111111111111111111111111111111111111111111111111111111111	24.5	1532
11111111111111111111111111111111111111111111111111111111111111111111111111111111110111111111111111111111111111111111111111111111	24.5	1528
00000000000000000000000000000000000000000000000000000000000000000000000000000000000000000000000000100000000000000000000000000000	24.5	1526
11111111111111111111111111111111111111111111111111110111111111111111111111111111111111111111111111111111111111111111111111111111	24.5	1525
11111111111111111111111111111111111111111111111111111111111111111111111111110111111111111111111111111111111111111111111111111111	24.5	1522
00000000000000000001000000000000000000000000000000000000000000000000000000000000000000000000000000000000000000000000000000000000	24.5	1521
00000000000000000000000000000000000000000010000000000000000000000000000000000000000000000000000000000000000000000000000000000000	24.5	1518
00000000000000000000000000000000000000000000000000001000000000000000000000000000000000000000000000000000000000000000000000000000	24.5	1517
11111111111111111111111111111111111111111111111111111111111111111111111111111111111111110111111111111111111111111111111111111111	24.5	1515
00000000000000000000000001000000000000000000000000000000000000000000000000000000000000000000000000000000000000000000000000000000	24.5	1513
00000000000000000000000000000000000000000000000000000000000000000001000000000000000000000000000000000000000000000000000000000000	24.5	1512
11111111111111111111111111111111111111111111111111111111111111111111111110111111111111111111111111111111111111111111111111111111	24.5	1511
11111111111111111111111111110111111111111111111111111111111111111111111111111111111111111111111111111111111111111111111111111111	24.5	1510
00000000000100000000000000000000000000000000000000000000000000000000000000000000000000000000000000000000000000000000000000000000	24.5	1504
11111111111111111111111110111111111111111111111111111111111111111111111111111111111111111111111111111111111111111111111111111111	24.5	1497
00000000000000000000000000000000000000000000000000000000000000000000001000000000000000000000000000000000000000000000000000000000	24.5	1496
00000000000000000000000000000000000000100000000000000000000000000000000000000000000000000000000000000000000000000000000000000000	24.5	1495
00000000000000000000000000000000000000000000000000000000000000000000000000000000001000000000000000000000000000000000000000000000	24.5	1494
11111111111011111111111111111111111111111111111111111111111111111111111111111111111111111111111111111111111111111111111111111111	24.5	1492
00000000000000000000000000000000000000000000000000000000000000000000000000001000000000000000000000000000000000000000000000000000	24.5	1491
11111111111111111111111111111111111111111111111110111111111111111111111111111111111111111111111111111111111111111111111111111111	24.5	1484
11111111111110111111111111111111111111111111111111111111111111111111111111111111111111111111111111111111111111111111111111111111	24.5	1483
11111111111111111111111111011111111111111111111111111111111111111111111111111111111111111111111111111111111111111111111111111111	24.5	1482
11111111111111111111110111111111111111111111111111111111111111111111111111111111111111111111111111111111111111111111111111111111	24.5	1480
00000000000000000000001000000000000000000000000000000000000000000000000000000000000000000000000000000000000000000000000000000000	24.5	1479
11111111111111111110111111111111111111111111111111111111111111111111111111111111111111111111111111111111111111111111111111111111	24.5	1478
11111111111111111111101111111111111111111111111111111111111111111111111111111111111111111111111111111111111111111111111111111111	24.5	1477
00000000000000000000000000001000000000000000000000000000000000000000000000000000000000000000000000000000000000000000000000000000	24.5	1472
00000000000000000000000000000000000000000000000000000000000000000000000000000000000000000000000000001000000000000000000000000000	24.5	1466
11111111111111011111111111111111111111111111111111111111111111111111111111111111111111111111111111111111111111111111111111111111	24.5	1463
11111111111111111111111111111111111111111111111111111111111111111111111111111111111111111111111111011111111111111111111111111111	24.5	1462
00000000000000000000000000000000000000000000000000000000000000000000000000000000000000000000000000000000000000001000000000000000	24.5	1439
11111111111111111111111111111111111111111111111111111111111111111111111111111101111111111111111111111111111111111111111111111111	24.5	818
11111111111111111111111111111111111111111111111111111111111111111111111111111111111111111111111111101111111111111111111111111111	24.5	781
00000000000000000000000000000100000000000000000000000000000000000000000000000000000000000000000000000000000000000000000000000000	24.5	780
00000000000000000000000000000000000000000000000000000000000000000000000000000000000000000000000000000000001000000000000000000000	24.5	779
00000000000000001000000010000000000000000000000000000000000000000000000000000000000000000000000000000000000000000000000000000000	28.0	777
00000000000000000000000000000000000000000001000000000000000000000000000000000000000000000000000000000000000000000000000000000000	24.5	773
11111111111111101111111111111111111111111111111111111111111111111111111111111111111111111111111111111111111111111111111111111111	24.5	770
11111111111111111111111111111111111111111111111111111111111111111111111111111111111111111101111111111111111111111111111111111111	24.5	769
11110101111111111111111111111111111111111111111111111111111111111111111111111111111111111111111111111111111111111111111111111111	28.0	765
11110111111101111111111111111111111111111111111111111111111111111111111111111111111111111111111111111111111111111111111111111111	28.0	763
00000000000000001100000000000000000000000000000000000000000000000000000000000000000000000000000000000000000000000000000000000000	28.0	758
11111111111111111111111111111101111111111111111111111111111111111111111111111111111111111111111111111111111111111111111111111111	24.5	757
00000000000000000000000000000000000000000000000000000100000000000000000000000000000000000000000000000000000000000000000000000000	24.5	756
11111111111111111111111111111111111111111111111111111111111111111111111111111111111111111111111111111111111111111101111111111111	24.5	755
00000000000000000000000000000000000000000000000000000000000000000000000000000000000000000000000000000100000000000000000000000000	24.5	754
11011101111111111111111111111111111111111111111111111111111111111111111111111111111111111111111111111111111111111111111111111111	28.0	753
00000000000000000000000000000000000000000000000000000000000000000000000000000000000000000000100000000000000000000000000000000000	24.5	752
11111111111111111111111111111111011101111111111111111111111111111111111111111111111111111111111111111111111111111111111111111111	28.0	751
11110111111111111111111111111111111101111111111111111111111111111111111111111111111111111111111111111111111111111111111111111111	31.5	750
11111111111111111111111111111111111111111111111111111101111111111111111111111111111111111111111111111111111111111111111111111111	24.5	749
00000000000000000000000000000000000000000000000000000000000000000000000000000000000000000000000000000000000000000100000000000000	24.5	748
11111111111111111111111111111111111111111111111111111111111111110111011111111111111111111111111111111111111111111111111111111111	28.0	747
11111111111111111111111111111111111111111111111111111111111111111111111111101111111111111111111111111111111111111111111111111111	24.5	746
00000000000000000000000000000010000000000000000000000000000000000000000000000000000000000000000000000000000000000000000000000000	24.5	745
00000000000000000000000000000000101000000000000000000000000000000000000000000000000000000000000000000000000000000000000000000000	28.0	743
11111111111111111111111111111111111111111111111111111111111111111111111111111111111011111111111111111111111111111111111111111111	24.5	742
00000000000000000000000000000000000000000000000000000000001000000000000000000000000000000000000000000000000000000000000000000000	24.5	739
11111111111111111111111111111111111111111111111111111111111111111111111111111111111110111111111111111111111111111111111111111111	24.5	737
11111111111111111111111111111111111111101111111111111111111111111111111111111111111111111111111111111111111111111111111111111111	24.5	736
11111111111111111111111111111111111111111111111111111111111111111111111111111111111111111111111111111101111111111111111111111111	24.5	735
00100000000000000000000000000000000000000000000000000000000000000010000000000000000000000000000000000000000000000000000000000000	31.5	734
00000000000000000000000000000000000000000000000000000000000000000000000000000000000100000000000000000000000000000000000000000000	24.5	733
00000000000000000000000000000000000000000000000000000000000000000000000000000000000000000000000000000000000000000000000010000000	24.5	732
11111111111111111111111111111111111111111111111111111111111111111111111111111111111111111111011111111111111111111111111111111111	24.5	731
00000000000000000000000000000000000000000000000000000000000000000000000000000000000000000010000000000000000000000000000000000000	24.5	730
11111111111111111111111111101111111111111111111111111111111111111111111111111111111111111111111111111111111111111111111111111111	24.5	729
00000000000000000000000000000000000000000000000000000000000000001000000000000000100000000000000000000000000000000000000000000000	28.0	728
11111111111111111111111111111111111111111111111111111111111111111111111111111111111111111111111111111111111101111111111111111111	24.5	727
00000000000000000000000000000000000000000000000000000000000000000000000000000000000000000000000000000000000000000010000000000000	24.5	725
00000000000000000000000000000000000000000000000000000000000000001010000000000000000000000000000000000000000000000000000000000000	28.0	724
00000000000000000000000000000000100000000000000000000000000000000000000000000000000000000000000010000000000000000000000000000000	28.0	723
00000000000000000000000000000000000000000000000000000000000000000000000000000010000000000000000000000000000000000000000000000000	24.5	722
00000000000000000000000000000000110000000000000000000000000000000000000000000000000000000000000000000000000000000000000000000000	28.0	721
11111111111111110111111101111111111111111111111111111111111111111111111111111111111111111111111111111111111111111111111111111111	28.0	720
00000000000000000000000000000000000000000000000000000010000000000000000000000000000000000000000000000000000000000000000000000000	24.5	719
00000000000000000000000000000000000000000000000000000000000000000000000000010000000000000000000000000000000000000000000000000000	24.5	718
00100000001000000000000000000000000000000000000000000000000000000000000000000000000000000000000000000000000000000000000000000000	31.5	717
11111111111111111111111111111111111111111111111111111111111111111111111111111111111111111111111111111011111111111111111111111111	24.5	716
11111111011111111111111111111111111111110111111111111111111111111111111111111111111111111111111111111111111111111111111111111111	31.5	715
00100000000000000000000000000000001000000000000000000000000000000000000000000000000000000000000000000000000000000000000000000000	31.5	714
11111111111111111111111111111111111111111111101111111111111111111111111111111111111111111111111111111111111111111111111111111111	24.5	713
00000000101000000000000000000000000000000000000000000000000000000000000000000000000000000000000000000000000000000000000000000000	28.0	712
00001000000000000000100000000000000000000000000000000000000000000000000000000000000000000000000000000000000000000000000000000000	31.5	711
01000000010000000000000000000000000000000000000000000000000000000000000000000000000000000000000000000000000000000000000000000000	31.5	710
11111111111111111111111111111111111111111111111111111111111111111111111111111111111111111111111111111111111111111011111111111111	24.5	709
00000000000000001010000000000000000000000000000000000000000000000000000000000000000000000000000000000000000000000000000000000000	28.0	708
11111111111111111111111111111111111111111111111111111111111111111111111111111111111111011111111111111111111111111111111111111111	24.5	707
00000000000000000000000000000000000000000000000000000000010000000000000000000000000000000000000000000000000000000000000000000000	24.5	706
11111111111111111111111111111111111111111111111111111111111101111111111111111111111111111111111111111111111111111111111111111111	24.5	705
00000000000000000000000000000000000000000000000000000000000000001000000000000000000000000000000010000000000000000000000000000000	24.5	703
11111111001111111111111111111111111111111111111111111111111111111111111111111111111111111111111111111111111111111111111111111111	28.0	702
10111111101111111111111111111111111111111111111111111111111111111111111111111111111111111111111111111111111111111111111111111111	31.5	701
00001010000000000000000000000000000000000000000000000000000000000000000000000000000000000000000000000000000000000000000000000000	28.0	700
11111111111111111111111111111111111111111111111111111111110111111111111111111111111111111111111111111111111111111111111111111111	24.5	698
01010000000000000000000000000000000000000000000000000000000000000000000000000000000000000000000000000000000000000000000000000000	24.5	697
10101111111111111111111111111111111111111111111111111111111111111111111111111111111111111111111111111111111111111111111111111111	24.5	695
00000000000000000000000000000000000000000000000000000000000000000000000000000000000000000000000000010000000000000000000000000000	24.5	694
00000000000000001000000000000000000000000000000010000000000000000000000000000000000000000000000000000000000000000000000000000000	28.0	692
00001000000000000000000000000000000010000000000000000000000000000000000000000000000000000000000000000000000000000000000000000000	31.5	690
00001000000010000000000000000000000000000000000000000000000000000000000000000000000000000000000000000000000000000000000000000000	28.0	689
01000000000000000000000000000000010000000000000000000000000000000000000000000000000000000000000000000000000000000000000000000000	31.5	685
00000000000000000000000000000000100010000000000000000000000000000000000000000000000000000000000000000000000000000000000000000000	28.0	684
11011111111111111101111111111111111111111111111111111111111111111111111111111111111111111111111111111111111111111111111111111111	31.5	681
11011111111111111111111111111111111111111111111111111111111111111101111111111111111111111111111111111111111111111111111111111111	31.5	680
00000000000000000000000100000000000000000000000000000000000000000000000000000000000000000000000000000000000000000000000000000000	24.5	678
11111111111111110101111111111111111111111111111111111111111111111111111111111111111111111111111111111111111111111111111111111111	28.0	677
11111111111111111111111111111111111111111111111111111111111111111111111111111111111111111111111111111111110111111111111111111111	24.5	676
11111111111111111111111111111111111111111111111111111111111111111111111011111111111111111111111111111111111111111111111111111111	24.5	674
11111111111111111111111111111111111111111111111111111111111111110111111111111111111111111111111101111111111111111111111111111111	24.5	672
00000000110000000000000000000000000000000000000000000000000000000000000000000000000000000000000000000000000000000000000000000000	28.0	670
00001100000000000000000000000000000000000000000000000000000000000000000000000000000000000000000000000000000000000000000000000000	28.0	669
11001111111111111111111111111111111111111111111111111111111111111111111111111111111111111111111111111111111111111111111111111111	28.0	666
11111111111111111111111111111111111111111111111111111111111111110111111111111111011111111111111111111111111111111111111111111111	28.0	664
11110111111111111111011111111111111111111111111111111111111111111111111111111111111111111111111111111111111111111111111111111111	31.5	658
11111111111111111111111111111111111111111111111111111111111111110111111101111111111111111111111111111111111111111111111111111111	28.0	651
00000000000000000000000000000000000000000000000000000000000000000000000000000100000000000000000000000000000000000000000000000000	24.5	643
00100000000000000010000000000000000000000000000000000000000000000000000000000000000000000000000000000000000000000000000000000000	31.5	623
00000000000000000000000000000000000000000000000000000000000000001000000010000000000000000000000000000000000000000000000000000000	28.0	621
11111111111111111111111111111111111111111111111111111111111111111011101111111111111111111111111111111111111111111111111111111111	28.0	426
11111111111111111111001111111111111111111111111111111111111111111111111111111111111111111111111111111111111111111111111111111111	28.0	415
11111111101011111111111111111111111111111111111111111111111111111111111111111111111111111111111111111111111111111111111111111111	28.0	412
11111111111111111111111111111111101011111111111111111111111111111111111111111111111111111111111111111111111111111111111111111111	28.0	410
11111111111111111111111111111111111100111111111111111111111111111111111111111111111111111111111111111111111111111111111111111111	28.0	407
11111111111111111111111111111111111101111111011111111111111111111111111111111111111111111111111111111111111111111111111111111111	28.0	406
00000000001000100000000000000000000000000000000000000000000000000000000000000000000000000000000000000000000000000000000000000000	28.0	405
11111111111111111111111111111111111111111111111100111111111111111111111111111111111111111111111111111111111111111111111111111111	28.0	404
11111101111111111111111111111111111111111111111111111111111111111111110111111111111111111111111111111111111111111111111111111111	31.5	403
11111111111111111111111111111111110111111111111111111111111111111111111111111111111111111111111111011111111111111111111111111111	31.5	402
00000101000000000000000000000000000000000000000000000000000000000000000000000000000000000000000000000000000000000000000000000000	28.0	400
00000000000000000000000000000000000000000000000000000000000000000011000000000000000000000000000000000000000000000000000000000000	28.0	398
00000000000000000000110000000000000000000000000000000000000000000000000000000000000000000000000000000000000000000000000000000000	28.0	397
11111111111100111111111111111111111111111111111111111111111111111111111111111111111111111111111111111111111111111111111111111111	28.0	395
00000000010000000000000000000000000000000000000000000000000000000000000001000000000000000000000000000000000000000000000000000000	31.5	394
11111111111111111111111111111111111111111111111111111111111111111111011111111111111101111111111111111111111111111111111111111111	28.0	393
11111111111111111111111111111111111111111111111111111111111111111111111111111111010111111111111111111111111111111111111111111111	28.0	392
00000000000000000010001000000000000000000000000000000000000000000000000000000000000000000000000000000000000000000000000000000000	28.0	391
11111111111111111111111111111111111111111111111111111111111111111111111111111111011111110111111111111111111111111111111111111111	28.0	390
11111111111111111111111111111111111101011111111111111111111111111111111111111111111111111111111111111111111111111111111111111111	28.0	389
00000000000000000000000000000000000000000000000000000000000000000000000010000000000000001000000000000000000000000000000000000000	28.0	388
00000000000000000000101000000000000000000000000000000000000000000000000000000000000000000000000000000000000000000000000000000000	28.0	387
00000000000000000000000000000000000000000000000010000000100000000000000000000000000000000000000000000000000000000000000000000000	28.0	386
11111111111111111111111111111111111111111111111101111111111111111111111111111111111111111111111111111111111111110111111111111111	31.5	385
00000000000000000000000000000000000000000000000000000000000001000000000000000000000000000000000000000000000000000000000000000000	24.5	384
11111111111111111111111111111111111111111111111111111111111111111111011111110111111111111111111111111111111111111111111111111111	28.0	383
00000000000000000000000000000000000000001000100000000000000000000000000000000000000000000000000000000000000000000000000000000000	28.0	382
11101111111111111111111111111111111011111111111111111111111111111111111111111111111111111111111111111111111111111111111111111111	31.5	381
11111111111111111101111111111111111111111111111111111111111111111111111111111111110111111111111111111111111111111111111111111111	31.5	380
11111111111111111111111111111111111111111111111111111111111111111111111101111111111111110111111111111111111111111111111111111111	28.0	379
11111111111111111111111111111111111111111111111111111111111111111111111111111111011111111111111111111111111111110111111111111111	28.0	378
11111111111111111111111111111111110111111111111111011111111111111111111111111111111111111111111111111111111111111111111111111111	28.0	377
00000000000000000000000000000000000000000000000000000000000000000100000000000000000000000000000001000000000000000000000000000000	28.0	376
00000000000010000000000000001000000000000000000000000000000000000000000000000000000000000000000000000000000000000000000000000000	28.0	375
11111111111111111111111111111111101110111111111111111111111111111111111111111111111111111111111111111111111111111111111111111111	28.0	374
11111111111111111111111111111111111111111111111111111111111111111111111111111111111111111111111111111111111111111111111111011111	24.5	373
11111111111111111111111111111111111111111111111111111111111111111111011111111111111111111111111111110111111111111111111111111111	28.0	372
00000000000000000000000000000000000010000000000000000000000000000000000000000000000000000000000000001000000000000000000000000000	31.5	371
00000000000000000000000000000000000000000000000000000000000000000000110000000000000000000000000000000000000000000000000000000000	28.0	370
00000000000000000000000000000000000000000000000000000000000000000000000000000000000000000000000000000000000000000000010000000000	24.5	369
01111111111111111111111111111111111111111111111111111111111111111111011111111111111111111111111111111111111111111111111111111111	28.0	368
00000000000000000000000000000000000000000000000000000000000000000000000000000000000000000000000010000000100000000000000000000000	28.0	367
00000010000000000000000000000000000000000000000000000000000000000000001000000000000000000000000000000000000000000000000000000000	31.5	366
00000010000000000000001000000000000000000000000000000000000000000000000000000000000000000000000000000000000000000000000000000000	31.5	365
11111111111111111111111111111111111111110101111111111111111111111111111111111111111111111111111111111111111111111111111111111111	28.0	364
11111111111111111111111101110111111111111111111111111111111111111111111111111111111111111111111111111111111111111111111111111111	28.0	363
11111111110111011111111111111111111111111111111111111111111111111111111111111111111111111111111111111111111111111111111111111111	28.0	362
00000010000000100000000000000000000000000000000000000000000000000000000000000000000000000000000000000000000000000000000000000000	28.0	361
11111101111111111111111111111111111111011111111111111111111111111111111111111111111111111111111111111111111111111111111111111111	31.5	360
11111111111111111111111100111111111111111111111111111111111111111111111111111111111111111111111111111111111111111111111111111111	28.0	359
00000000000000000100000001000000000000000000000000000000000000000000000000000000000000000000000000000000000000000000000000000000	28.0	358
00000000000000000000000000000000000000000000000000000000000000000000000000000000000000000000000000000000000000000000000001000000	24.5	357
11111111111111111111111111111111111111111111111111111111111111111111111111111111111111111111111111111111111111111111111110111111	24.5	356
11111111111111111111111111111111111111110111111111111111011111111111111111111111111111111111111111111111111111111111111111111111	28.0	355
01111111111111111111111111111111111111111111111111111111111111111111111111111111011111111111111111111111111111111111111111111111	28.0	354
00000000000000000101000000000000000000000000000000000000000000000000000000000000000000000000000000000000000000000000000000000000	28.0	353
10000000000000000000000000000000000000000000000000000000000000000010000000000000000000000000000000000000000000000000000000000000	28.0	352
11111111111101111111111111110111111111111111111111111111111111111111111111111111111111111111111111111111111111111111111111111111	28.0	351
00000000000000000000000000000000000000000000000000000000000000000000000011000000000000000000000000000000000000000000000000000000	28.0	350
11111111111111111111111111111111111101111111111111111111111111111111111111111111111111111111111111110111111111111111111111111111	31.5	349
00000000000000000000000000000000000000000000000000000000000000000000000010000000000000000000000000000000100000000000000000000000	28.0	347
00000000000000000000100000000000000000000000000000000000000000000000000000000000000010000000000000000000000000000000000000000000	31.5	346
00000000000000000000000000000000000000000000000000000000000000000000100000000000000010000000000000000000000000000000000000000000	28.0	345
11111011111111111111111111111111111110111111111111111111111111111111111111111111111111111111111111111111111111111111111111111111	31.5	344
00010000000000000001000000000000000000000000000000000000000000000000000000000000000000000000000000000000000000000000000000000000	31.5	343
00000000000000000000000000000000000000000000000000000000000000000000000000000000100000001000000000000000000000000000000000000000	28.0	342
10000000001000000000000000000000000000000000000000000000000000000000000000000000000000000000000000000000000000000000000000000000	28.0	341
00000000000000000000000000000000010000000000000001000000000000000000000000000000000000000000000000000000000000000000000000000000	28.0	340
00010001000000000000000000000000000000000000000000000000000000000000000000000000000000000000000000000000000000000000000000000000	24.5	339
00000000001000000000000000000000000000000000000000000000000000000000000000100000000000000000000000000000000000000000000000000000	31.5	338
01111111111111111111111111111111111111111111111111111111111111111111111101111111111111111111111111111111111111111111111111111111	28.0	336
11111111111111111111111111111111111111111111111111111111111111111111111111111111111111111111111111111111111111111111111111110111	24.5	335
11111111111111111011101111111111111111111111111111111111111111111111111111111111111111111111111111111111111111111111111111111111	28.0	333
11111111111111111111111111111111111111111111111111111111111111111101111111111111110111111111111111111111111111111111111111111111	28.0	331
00000000000000000000000000000000000000000000000000000001000000000000000000000000000000000000000000000000000000000000000000000000	24.5	330
00000000000000000000000000000000000000000000000000000000000000000000000000000000000000000000000000000000000000100000000000000000	24.5	329
00000000000000000000000000000000000000000000000000000000000000000000000000000000000000000000000000000000000000000001000000000000	24.5	328
11111111111111111111111111111111111111111111111111111111111111111111111111111111111111111111101111111111111111111111111111111111	24.5	327
11111111111111111111111111111111111111111111111111111111111111111111111111111111111111111111111111111111111110111111111111111111	24.5	325
11111111111111111111111111111111111111111111111111111111111111111111111111111111111111101111111111111111111111111111111111111111	24.5	324
00000000000000000000000000000000000000000000000000000000000000000000000000000000000000000000000000000000000100000000000000000000	24.5	323
10000000000000000000000000000000010000000000000000000000000000000000000000000000000000000000000000000000000000000000000000000000	28.0	322
01111111111111111111111101111111111111111111111111111111111111111111111111111111111111111111111111111111111111111111111111111111	28.0	321
11111111111111111111111111111111111111111111111111111111111111011111111111111111111111111111111111111111111111111111111111111111	24.5	320
10000000000000000000000000000000000000000000000010000000000000000000000000000000000000000000000000000000000000000000000000000000	28.0	319
10000000000000000000000000000000000010000000000000000000000000000000000000000000000000000000000000000000000000000000000000000000	28.0	316
00000000000000000000000000000000000000000000000100000000000000000000000000000000000000000000000000000000000000000000000000000000	24.5	315
10000000000000000000000000000000000000000000000000000000000000000000100000000000000000000000000000000000000000000000000000000000	28.0	314
00000000000000000000000000000000000000000000000000000000000000000000000000000000000000000000000000000000000000000000000000100000	24.5	313
11111111111111111111111111111111111111111111111111111111111111111111111111111111111111111111110111111111111111111111111111111111	24.5	312
01111101111111111111111111111111111111111111111111111111111111111111111111111111111111111111111111111111111111111111111111111111	28.0	310
10000100000000000000000000000000000000000000000000000000000000000000000000000000000000000000000000000000000000000000000000000000	28.0	300
11111111111111111111111111111111111111111111111111111111111110111111111111111111111111111111111111111111111111111111111111111111	24.5	293
10000000000000001100000000000000000000000000000000000000000000000000000000000000000000000000000000000000000000000000000000000000	31.5	290
10100000000000000000000000000000001000000000000000000000000000000000000000000000000000000000000000000000000000000000000000000000	31.5	279
01001111111111111111111111111111111111111111111111111111111111111111111111111111111111111111111111111111111111111111111111111111	31.5	278
10001010000000000000000000000000000000000000000000000000000000000000000000000000000000000000000000000000000000000000000000000000	31.5	277
00111111111111111111111111111111101111111111111111111111111111111111111111111111111111111111111111111111111111111111111111111111	28.0	275
10000000000000000000000000000000000000000000000000000000000000001010000000000000000000000000000000000000000000000000000000000000	31.5	274
01111111001111111111111111111111111111111111111111111111111111111111111111111111111111111111111111111111111111111111111111111111	31.5	273
01111111111111111111111111111111011111111111111111111111111111111111111111111111111111111111111101111111111111111111111111111111	31.5	271
10100000001000000000000000000000000000000000000000000000000000000000000000000000000000000000000000000000000000000000000000000000	31.5	270
10000000000000000000000000000000000000000000000000000000000000001000100000000000000000000000000000000000000000000000000000000000	31.5	269
10000000100000000000000000000000000000000000000000000000000000000000000010000000000000000000000000000000000000000000000000000000	35.0	267
10000000000000001000000010000000000000000000000000000000000000000000000000000000000000000000000000000000000000000000000000000000	31.5	266
01110111111111111111111111111111111111111111111111111111111111111111011111111111111111111111111111111111111111111111111111111111	35.0	265
10000000000000000000000000000000100000001000000000000000000000000000000000000000000000000000000000000000000000000000000000000000	31.5	264
11000000000000000000000000000000010000000000000000000000000000000000000000000000000000000000000000000000000000000000000000000000	28.0	262
01111111111111110101111111111111111111111111111111111111111111111111111111111111111111111111111111111111111111111111111111111111	31.5	260
01111111011111111111111101111111111111111111111111111111111111111111111111111111111111111111111111111111111111111111111111111111	31.5	258
01111111111111110111011111111111111111111111111111111111111111111111111111111111111111111111111111111111111111111111111111111111	31.5	257
01111111011111111111111111111111111111111111111111111111111111111111111101111111111111111111111111111111111111111111111111111111	35.0	256
01111111111111111111111111111111111111111111111111111111111111110111111111111111111111111111111101111111111111111111111111111111	28.0	255
10000000000000001000000000000000000000000000000000000000000000000000000000000000100000000000000000000000000000000000000000000000	35.0	254
10110000000000000000000000000000000000000000000000000000000000000000000000000000000000000000000000000000000000000000000000000000	31.5	253
10000000000000000000000000000000110000000000000000000000000000000000000000000000000000000000000000000000000000000000000000000000	31.5	251
01110011111111111111111111111111111111111111111111111111111111111111111111111111111111111111111111111111111111111111111111111111	31.5	250
01111111111111111111111111111111011111110111111111111111111111111111111111111111111111111111111111111111111111111111111111111111	31.5	249
10000000100000000000000000000000000000001000000000000000000000000000000000000000000000000000000000000000000000000000000000000000	35.0	248
11000000000000000100000000000000000000000000000000000000000000000000000000000000000000000000000000000000000000000000000000000000	28.0	247
01111111111111111111111111111111111111111111111111111111111111110111011111111111111111111111111111111111111111111111111111111111	31.5	246
10001000000000000000000000000000000010000000000000000000000000000000000000000000000000000000000000000000000000000000000000000000	35.0	245
01011101111111111111111111111111111111111111111111111111111111111111111111111111111111111111111111111111111111111111111111111111	28.0	244
11000000010000000000000000000000000000000000000000000000000000000000000000000000000000000000000000000000000000000000000000000000	28.0	242
10000000110000000000000000000000000000000000000000000000000000000000000000000000000000000000000000000000000000000000000000000000	31.5	241
10000000000000000000000000000000000000000000000000000000000000001100000000000000000000000000000000000000000000000000000000000000	28.0	240
01111111011101111111111111111111111111111111111111111111111111111111111111111111111111111111111111111111111111111111111111111111	31.5	239
00111111111111111011111111111111111111111111111111111111111111111111111111111111111111111111111111111111111111111111111111111111	28.0	238
10000000000000000000000000000000000000000000000000000000000000001000000000000000100000000000000000000000000000000000000000000000	31.5	236
00101111111111111111111111111111111111111111111111111111111111111111111111111111111111111111111111111111111111111111111111111111	24.5	235
01011111111111111111111111111111111111111111111111111111111111111101111111111111111111111111111111111111111111111111111111111111	31.5	233
01111111111111111111111111111111011101111111111111111111111111111111111111111111111111111111111111111111111111111111111111111111	31.5	231
01111111111111111111111111111111001111111111111111111111111111111111111111111111111111111111111111111111111111111111111111111111	31.5	229
01110111111111111111011111111111111111111111111111111111111111111111111111111111111111111111111111111111111111111111111111111111	35.0	227
10001000000000000000100000000000000000000000000000000000000000000000000000000000000000000000000000000000000000000000000000000000	35.0	226
10001000000010000000000000000000000000000000000000000000000000000000000000000000000000000000000000000000000000000000000000000000	31.5	224
11000000000000000000000000000000000000000000000000000000000000000100000000000000000000000000000000000000000000000000000000000000	28.0	222
00000000000000000000000000000000000000000000100000000000000000000000000000000000000000000000000000000000000010000000000000000000	31.5	192
00000000000000000000000000000000000100000000000000000000000000000000000000000000000000000000000000010000000000000000000000000000	31.5	189
00000000000000000000000000000000000000000000000000000000000000000000000000000000000000000000000000001000000000000000100000000000	28.0	186
00000000000000000000000000000000000000000000000000000000000000000000000000000000000000000000000000001100000000000000000000000000	28.0	185
11111111111111111111111111111111111111111111111111111111111111111111111111011111111111111111111111111111110111111111111111111111	28.0	184
11111110111111111111111111111111111111111111111111111111111111111111111011111111111111111111111111111111111111111111111111111111	31.5	182
00000000000000000000000000000000000000000000000000000000000000000000000000000000000000001000000000000000000000000000000010000000	31.5	181
11111111111111111111111111111111111111111111111111111111111111111111111111111111111111111111111111111111111111101111111111111111	24.5	180
00000000000000000000000000000000000000000000000000000000000000000000000001000000000000000000000000000000010000000000000000000000	28.0	179
01111111111111110111111111111111011111111111111111111111111111111111111111111111111111111111111111111111111111111111111111111111	28.0	178
11111111111111111111111111111111111111111111111111111111111111111111101011111111111111111111111111111111111111111111111111111111	28.0	177
11111111111111111111111111111111111111111111111111111111111111111111111110111111111111111011111111111111111111111111111111111111	28.0	176
11111111111111111111111111111111111111111111111111111111111111111111111111111111111111111111111110111111101111111111111111111111	28.0	175
11111111111111111111111111111111111111111111111111111111111111111111111111111111111111111111111111111111111111110111011111111111	28.0	174
00000000000000000000000000000000000000000000000000000000101000000000000000000000000000000000000000000000000000000000000000000000	28.0	173
11111111111111111111111111111111111111111111111111111111111111111111111111111111111111111111111111111111001111111111111111111111	28.0	172
11111111111111111111111111111111111111111111111110111011111111111111111111111111111111111111111111111111111111111111111111111111	28.0	171
11111111111111111111111111111111111111111111111111111111111111111111111111111111101111111011111111111111111111111111111111111111	28.0	170
11111111111111111111111111111111111111111111111111111111111111111111111111110111111111111111111111111111111101111111111111111111	28.0	169
00111111111111111111111111111111111111111111111111111111111111110111111111111111111111111111111111111111111111111111111111111111	24.5	168
11111111111111111111111111111111111111111111111111111111111111111111111111111111111111111111111111110111111101111111111111111111	28.0	167
11111111111111111111111111111111111111111111111111111111111111111111111111011101111111111111111111111111111111111111111111111111	28.0	166
11111111111111111111110111111111111111111111111111111101111111111111111111111111111111111111111111111111111111111111111111111111	28.0	165
11111111111111111111111111111111111111111111111111111111111111111111111111111111111111111111111111001111111111111111111111111111	28.0	164
00000000000000000000000000000000000000000000000000000000000000000000000000000000000000000000000000000000000000010000000000000000	24.5	163
00000000000000000000000000000000000000000000100000000000000010000000000000000000000000000000000000000000000000000000000000000000	28.0	162
00000000000000000000000000000000000000000000000000000000000000000000001000000010000000000000000000000000000000000000000000000000	28.0	161
00000000000000000000000000000000000000000011000000000000000000000000000000000000000000000000000000000000000000000000000000000000	28.0	160
11111111111111111111111111111111111111111111111111111111111111111111110111111101111111111111111111111111111111111111111111111111	28.0	159
11000000000000000000000000000000100000000000000000000000000000000000000000000000000000000000000000000000000000000000000000000000	28.0	158
11111110111111111111111111111111111111101111111111111111111111111111111111111111111111111111111111111111111111111111111111111111	31.5	157
00000000000000000000000000100000000000000000000000000000001000000000000000000000000000000000000000000000000000000000000000000000	28.0	156
11111111111111111111111111111111111110111111111111111011111111111111111111111111111111111111111111111111111111111111111111111111	28.0	155
00000000000000000000000000000000000001000000000000000000000000000000000000000000000000000000000000000100000000000000000000000000	31.5	154
00000000000000000000000000000000000000000100000000000000000000000000000000000000000000000000000000000000010000000000000000000000	31.5	153
00000000000000000000000000000000000000000100010000000000000000000000000000000000000000000000000000000000000000000000000000000000	28.0	152
11111111111111111111111111111111111111111111111111111111111111111111111111111111111111110101111111111111111111111111111111111111	28.0	151
11111111111111111111111111111111111111111111111111111111111111111111111111111111101111111111111111111111111111111011111111111111	31.5	150
11111111111111111111111111111111111111111100111111111111111111111111111111111111111111111111111111111111111111111111111111111111	28.0	149
11111111111111011111111111111111111111111111110111111111111111111111111111111111111111111111111111111111111111111111111111111111	31.5	148
11111111111111111111111111011111111111111111111111111111111111111111111111111111111111111101111111111111111111111111111111111111	31.5	147
11111111111111111111111111111111111111111111111111111111111111111110111111111111111011111111111111111111111111111111111111111111	28.0	146
10100000000000000000000000000000000000000000000000000000000000001010000000000000000000000000000000000000000000000000000000000000	31.5	145
00000000000000000000000000000000000000000000000000000000000000000000010100000000000000000000000000000000000000000000000000000000	28.0	144
11111111111111111111110011111111111111111111111111111111111111111111111111111111111111111111111111111111111111111111111111111111	28.0	143
00000000000000000000000000000000000000000000000000000000000000000000000000000000010100000000000000000000000000000000000000000000	28.0	142
11001000000000000000000000000000000000000000000000000000000000000000000000000000000000000000000000000000000000000000000000000000	28.0	141
00000000000000000000000001000000000000000000000000000000010000000000000000000000000000000000000000000000000000000000000000000000	28.0	140
01111111011111111111111111111111011111110111111111111111111111111111111111111111111111111111111111111111111111111111111111111111	38.5	139
00000000000000000000000000000000000000000000110000000000000000000000000000000000000000000000000000000000000000000000000000000000	28.0	138
00000000000000000000000000000000000000000000000000000000000000000000000000000000001000000010000000000000000000000000000000000000	28.0	137
01110111111111110111011111111111111111111111111111111111111111111111111111111111111111111111111111111111111111111111111111111111	38.5	136
00000000000000000000000000000000000000000000000000000000000000000000000000000000010000000000000000000000000000000100000000000000	31.5	135
11000000000000000000000000000000000000000000000000000000000000001100000000000000000000000000000000000000000000000000000000000000	28.0	134
10001000100000000000000000000000000000000000000000000000000000000000000000000000000000000000000000000000000000000000000000000000	28.0	133
11111111111111111111111111111111111111001111111111111111111111111111111111111111111111111111111111111111111111111111111111111111	28.0	132
11111111111111111111111111001111111111111111111111111111111111111111111111111111111111111111111111111111111111111111111111111111	28.0	131
10100000000000001010000000000000000000000000000000000000000000000000000000000000000000000000000000000000000000000000000000000000	35.0	130
11111111111111111111111111111111111111111111111111111111111111111111111111111111101110111111111111111111111111111111111111111111	28.0	129
01010101111111111111111111111111111111111111111111111111111111111111111111111111111111111111111111111111111111111111111111111111	24.5	128
10000000100000001000000010000000000000000000000000000000000000000000000000000000000000000000000000000000000000000000000000000000	28.0	127
10001000000000000000000000000000000000000000000000000000000000001000100000000000000000000000000000000000000000000000000000000000	35.0	126
10000000000000001000000000000000000000000000000000000000000000001000000000000000100000000000000000000000000000000000000000000000	35.0	125
01011111111111110101111111111111111111111111111111111111111111111111111111111111111111111111111111111111111111111111111111111111	35.0	123
10101010000000000000000000000000000000000000000000000000000000000000000000000000000000000000000000000000000000000000000000000000	24.5	122
10100000000000000000000000000000101000000000000000000000000000000000000000000000000000000000000000000000000000000000000000000000	35.0	121
01111111011111110111111101111111111111111111111111111111111111111111111111111111111111111111111111111111111111111111111111111111	28.0	119
00000000000000000000000000000000101100000000000000000000000000000000000000000000000000000000000000000000000000000000000000000000	35.0	111
11111111111111110111111111111111011111111111111101111111111111111111111111111111111111111111111111111111111111111111111111111111	24.5	108
11111111111111111111111111111111011111111111111101111111011111111111111111111111111111111111111111111111111111111111111111111111	35.0	105
00000000000000000000000000000000000000000000000000000000000000001100000000000000010000000000000000000000000000000000000000000000	35.0	104
11110111111111111111111111111111111111111111111111111111111111110111011111111111111111111111111111111111111111111111111111111111	31.5	103
00000000110011000000000000000000000000000000000000000000000000000000000000000000000000000000000000000000000000000000000000000000	35.0	102
00001000100010000000000000000000000000000000000000000000000000000000000000000000000000000000000000000000000000000000000000000000	24.5	101
00000000110000000000000000000000000000001100000000000000000000000000000000000000000000000000000000000000000000000000000000000000	35.0	100
11011111111111111111111111111111111111111111111111111111111111110101111111111111111111111111111111111111111111111111111111111111	31.5	99
00000000100000000000000000000000000000000000000000000000000000001000000010000000000000000000000000000000000000000000000000000000	31.5	98
11110111111111111111111111111111111101111111111111111111111111111111111111111111111111111111111111110111111111111111111111111111	38.5	97
01000000000000000000000000000000000000000000000000000000000000001100000000000000000000000000000000000000000000000000000000000000	31.5	96
00100000000000000000000000000000000000000000000000000000000000000010000000000000000000000000000000100000000000000000000000000000	35.0	95
11111111111111111111111111111111011111111111111101111111111111111111111111111111111111111111111111111111111111110111111111111111	35.0	94
10000000000000000000000000000000000000000000000000001000000000000000000000000000000000000000000000000000000000000000000000000000	28.0	93
00100000000000000000000000000000101000000000000000000000000000000000000000000000000000000000000000000000000000000000000000000000	35.0	92
10000000000000000000000000000000000000000000000000100000000000000000000000000000000000000000000000000000000000000000000000000000	28.0	91
00100000000000000000000000000000000000000000000000000000000000000010000000100000000000000000000000000000000000000000000000000000	38.5	90
00100000001000000000000000000000000000000000000000000000000000000000000000100000000000000000000000000000000000000000000000000000	42.0	89
10111111111111111111111111111111111111111111111111111111111111110011111111111111111111111111111111111111111111111111111111111111	31.5	88
11111111011111111111111111111111111111110101111111111111111111111111111111111111111111111111111111111111111111111111111111111111	38.5	87
00000000000000001010000000100000000000000000000000000000000000000000000000000000000000000000000000000000000000000000000000000000	31.5	86
00000000000000000000000000000000000000000000000000000000000000001000000000000000100010000000000000000000000000000000000000000000	31.5	85
00001000000011000000000000000000000000000000000000000000000000000000000000000000000000000000000000000000000000000000000000000000	38.5	84
11111111111111111111111111111111111111111111111111111111111111110111111101011111111111111111111111111111111111111111111111111111	31.5	83
11111111111111110111111111111111111111111111111101111111011111111111111111111111111111111111111111111111111111111111111111111111	38.5	82
11110101111111111111111111111111111111111111111111111111111111111111010111111111111111111111111111111111111111111111111111111111	35.0	81
00000000000000001000000010000000000000000000000010000000100000000000000000000000000000000000000000000000000000000000000000000000	31.5	80
00100000001100000000000000000000000000000000000000000000000000000000000000000000000000000000000000000000000000000000000000000000	38.5	79
00000000000000001000000000000000000000000000000000000000000000000000000000000000101000000000000000000000000000000000000000000000	35.0	78
01000000000000000000000000000000010000000000000000000000000000000000000000000000000000000000000001000000000000000000000000000000	38.5	77
00000000000000001000000000000000000000000000000010000000000000000000000000000000100000000000000000000000000000001000000000000000	28.0	76
11111111111111111111111111111111111111111110111011111111111111111111111111111111111111111111111111111111111111111111111111111111	28.0	75
00000000000000000000000000000000110000000000000010000000000000000000000000000000000000000000000000000000000000000000000000000000	31.5	74
00000000000000001000000010000000000000000000000010000000000000000000000000000000000000000000000000000000000000000000000000000000	31.5	73
11111111111111111111111111111111111111111111111111111111111111110111111111111111111111111111111101110111111111111111111111111111	31.5	72
00000000101000000000000010000000000000000000000000000000000000000000000000000000000000000000000000000000000000000000000000000000	35.0	71
11111111111111111111111111101110111111111111111111111111111111111111111111111111111111111111111111111111111111111111111111111111	28.0	70
00000000000000000000000000000010000000000000000000000000000000100000000000000000000000000000000000000000000000000000000000000000	28.0	69
00100000000000000000000000000000000000000000000000000000000000000000000000000000000000000000000000100000000000000000000000000000	35.0	68
11111111111111111111111111111111111111111111111111111111111111110111111111111111111111111111111101111111111111110111111111111111	31.5	67
11111111111111111111111111111111011110111111111111111111111111111111111111111111111111111111111111111111111111111111111111111111	28.0	66
00000000000000000000000000000000100000000100000000000000000000000000000000000000000000000000000000000000000000000000000000000000	28.0	65
11111111110111111101111111011111111111111111111111111111111111111111111111111111111111111111111111111111111111111111111111111111	28.0	64
00000000000000000000000000000000000010000000000000000000000000000000100000000000000000000000000000001000000000000000000000000000	28.0	63
00000000000000000000000000000000000000000000000000000000000000001110000000000000000000000000000000000000000000000000000000000000	28.0	62
11111111000011111111111111111111111111111111111111111111111111111111111111111111111111111111111111111111111111111111111111111111	28.0	61
00000000000000001000000000000000000000000000000000000000000000000000000000000000000000000000000000000000000000001000000000000000	35.0	60
11111111111111111000111111111111111111111111111111111111111111111111111111111111111111111111111111111111111111111111111111111111	28.0	59
11111111111111111101111111111111111111111111111101011111111111111111111111111111111111111111111111111111111111111111111111111111	38.5	58
11111111111111111011111111111111101111111111111110111111111111111111111111111111111111111111111111111111111111111111111111111111	28.0	57
00000000000000000000000000010000000000000000000000000000000000000000000000000000000000000001000000000000000000000000000000000000	31.5	56
10111111111111111111111111111111111111111111111111111111111111111110111111111111111111111111111111111111111111111111111111111111	31.5	55
00000000000000001010000000000000000000000000000010100000000000000000000000000000000000000000000000000000000000000000000000000000	35.0	54
11111111111111111111111111111111111111111111111111111111111111110111111111111111111101111111111111111111111111111111111111111111	28.0	53
11111111111111111111111111111111111111111111111111111111111111110111111111111111111111111111111111011111111111111111111111111111	28.0	52
00000000000000000111000000000000000000000000000000000000000000000000000000000000000000000000000000000000000000000000000000000000	28.0	51
11111101111111111111111111111111111111111111111111111111111111111111010111111111111111111111111111111111111111111111111111111111	35.0	50
01000000000100000000000000000000000000000000000000000000000000000000000000000000000000000000000000000000000000000000000000000000	31.5	49
11111111111111111111111100011111111111111111111111111111111111111111111111111111111111111111111111111111111111111111111111111111	28.0	48
11111111111111111111111111111111111111111111111111111111111111110111110111111111111111111111111111111111111111111111111111111111	28.0	47
00000000000000000010000000100000000000000000000000100000000000000000000000000000000000000000000000000000000000000000000000000000	31.5	46
11111001111111111111111111111111111111111111111111111111111111111111111111111111111111111111111111111111111111111111111111111111	28.0	45
11111111111111111111111111111111111111111111111111111111111111111111111101110011111111111111111111111111111111111111111111111111	31.5	44
11111010111111111111111111111111111110101111111111111111111111111111111111111111111111111111111111111111111111111111111111111111	35.0	43
11111111111111111111111101011111111111111111111111111111111111111111111111111111111111110111111111111111111111111111111111111111	35.0	42
00000000010100000000000000010000000000000000000000000000000000000000000000000000000000000000000000000000000000000000000000000000	35.0	41
11111111111111111111111111111111111111110111111111111111111111111111111111111111111111111111111111111111011111111111111101111111	38.5	40
00000000000000000100010000000000000000000000000000000000000000000000000000000000010000000000000000000000000000000000000000000000	35.0	39
11111111111111111011111111111111111111111111111111111111111111111011111111111111111111111111111111111111111111111111111111111111	31.5	38
11111111111111111111111111111111111111111111111111111111111111111101111111011111111111111111111111011111110111111111111111111111	31.5	37
11111111111111111111111111111111111111111111111111111111111111111111111111111111111111111111111101011111010111111111111111111111	35.0	36
11111111111111111111111111111111111111111111111111111111111111111111111111111111111111111111111101011111111111111101111111111111	38.5	35
11111111101110111111111111111011111111111111111111111111111111111111111111111111111111111111111111111111111111111111111111111111	35.0	34
10000000000000000000000000000000100010000000000010000000000000000000000000000000000000000000000000000000000000000000000000000000	35.0	33
11111111110011111111111111101111111111111111111111111111111111111111111111111111111111111111111111111111111111111111111111111111	35.0	32
11111100111111111111111111111111111111011111111111111111111111111111111111111111111111111111111111111111111111111111111111111111	35.0	31
10000000000000000000000000000000101000000010000000000000000000000000000000000000000000000000000000000000000000000000000000000000	35.0	30
00000010000000000000000000000000000000010000000000000000000000000000000000000000000000000000000000000000000000000000000000000000	31.5	29
00000000000010000000000000000000000000000000000000000000000000000000000000000000000000000000000000000000000010000000000000000000	35.0	28
11111111110011111111111111111111111111111110111111111111111111111111111111111111111111111111111111111111111111111111111111111111	35.0	27
11111111111111111111111111111111111111111111111111111111111111111011101111111111101111111111111111111111111111111111111111111111	35.0	26
00010000000000000000000000000000000000000000000000000000000000000000000000010000000000000000000000000000000000000000000000000000	31.5	25
00000010000000100000000000000010000000000000000000000000000000000000000000000000000000000000000000000000000000000000000000000000	35.0	24
10000000110000000000000000000000000000001100000000000000000000000000000000000000000000000000000000000000000000000000000000000000	38.5	23
01111111011111111111111101111111111111111111111111111111011111111111111111111111111111111111111111111111111111111111111111111111	38.5	22
10100000001000000000000000100000000000000000000000000000000000000000000000000000000000000000000000000000000000000000000000000000	38.5	21
01111111111111111111111111111111111111111111111111111111111111110000111111111111111111111111111111111111111111111111111111111111	31.5	20
01011101111111111111111111111111111111011111111111111111111111111111111111111111111111111111111111111111111111111111111111111111	38.5	19
11000000000000000000010000000000000000000000000000000000000000000000000000000000000000000000000000000000000000000000000000000000	28.0	18
00000000000000000000000000000000000000000000000000000000000000000000000000000000000000000000000000100010001000000000000000000000	28.0	17
10111010111110111111111111111111111111111111111111111111111111111111111111111111111111111111111111111111111111111111111111111111	38.5	16
11111111111111111111111111111111111111111100111111111111110111111111111111111111111111111111111111111111111111111111111111111111	31.5	15
11111111111111111111111111111111110101011111111111111111111111111111111111111111111111111111111111111101111111111111111111111111	38.5	14
11111111111111111111111111111111111111111111111111111111111111111111111111110111111111111111001111111111111111111111111111111111	31.5	13
00000000000000000000000000000000000000000000000000000000000000000001000100000000000100010000000000000000000000000000000000000000	35.0	12
00111111111111111111111111111111111111111111111111111111111111111111111111111111111111111111111100111111111111111111111111111111	31.5	11
00000000010000000000000011000000000000000000000000000000000000000000000000000000000000000100000000000000000000000000000000000000	42.0	10
00000000000000000000000000000000000000000000010000000000000000000000000000000000000000000000000000000100000000000000000000000000	31.5	9
00000000000000001010100000000000000000000000000010001000000000000000000000000000000000000000000000000000000000000000000000000000	38.5	8
00000000011100010000000000000000000000000000000000000000000000000000000000000000000000000000000000000000000000000000000000000000	35.0	7
11110111111101111111011111111111111101111111011111111111111111111111111111111111111111111111111111111111111111111111111111111111	38.5	6
00000000100000000000000000000000000000000000000000000000000000001000100010000000000000000000000000000000000000000000000000000000	38.5	5
00000000010000000000000000000000000000000000000000000000000000000000000000000000000000000000010000000000000000000000000000000000	35.0	4
11111111111111111111111111111111111100111111111111111111111111111111111111111111111111111111111111111111111110111111111111111111	35.0	3
00000000000000000000000000000000000000000100100000000000000011000000000000000000000000000000000000000000000000000000000000000000	42.0	2
00100000000000000000000000000000001000000010000000000000000000000010000000100000000000000000000000100000001000000000000000100000	49.0	1
