0101101000110100000101101101100001010010001100011110001110000100011101011000010001101100100100010010
0101101010110100000101101101100001010010001100011110001110000100011101011000010001101100100100010010
0101101010110100000101101101100001010000001100011110001110000100011101011000010001101100100100010010
0101101000110100000101101101100001010010001100011110001110000100011101011000010001101100100100010010
0101101000110100000101101101100001010010001100011110001110000100011101011000010001101100100100010010
0101101010110100000101101101100001010010001100011110001110000100011101011000010001101100100100010010
0101101000110100000101101101100001010010001100011110001110000100011101011000010001101100100100010010
0101101010110100000101101101100001010010001100011110001110000100011101010000010001101100100100010010
0101101000110100000101101101100001010010001100011110001110000100011101011000010001101100100100010010
0101101010110100000101101101100001010010001100011110001110000100011101011000010001101100100100010010
0101101000110100000101101101100001010010001100011110001110000100011101011000010001101100100100010010
0101101010110100000101101101100001010010001100011110001110000100011101011000010001101100100100010010
0101101010110100000101101101100001010010001100011110001110000100011101011000010001101100100100010010
0101101000110100000101101101100001010010001100011110001110000100011101011000010001101100100100010010
0101101010110100000101101101100001010010001100011110001110000100011101011000010001101100100100010010
0101101010110100000101101101100001010010001100011110001110000100011101011000010001101100100100010010
0101101000110100000101101101100001010010001100011110001110000100011101011000010001101100100100010010
0101101010110100000101101101100001010010001100011110001110000100011101011000010001101100100100010010
0101101010110100000101101101100001010010001100011110001110000100011101011000010001101100100100010010
0101101010110100000101101101100001010010001100011110001110000100011101011000010001101100100100010010
0101101010110100000101101101100001010010001100011110001110000100011101011000010001101100100100010010
0101101010110100000101101101100001010010001100011110001110000100011101011000010001101100100100010010
0101101010110100000101101101100001010010001100011110001110000100011101011000010001101100100100010010
0101101010110100000101101101100001010010001100011110001110000100011101011000010001101100100100010010
0101101000110100000101101101100001010010001100011110001110000100011101011000010001101100100100010010
0101101010110100000101101101100001010010001100011110001110000100011101011000010001101100100100010010
0101101010110100000101101101100001010010001100011110001110000100011101011000010001101100100100010010
0101101010110100000101101101100001010010001100011110001110000100011101011000010001101100100100010010
0101101010110100000101101101100001010010001100011110001110000100011101011000010001101100100100010010
0101101010110100000101101101100001010010001100011110001110000100011101011000010001101100100100010010
0001101010110100000101101101100001010010001100011110001110000100011101011000010001101100100100010010
0101101010110100000101101101100001010010001100011110001110000100011101011000010001101100100100010010
0101101010110100001101101101100001010010001100011110001110000100011101011000010001101100100100000010
0101101000110100000101101101100001010010001100011110001110000100011101011000011001101100100100010010
0101101010110100000101101101100001010010001100011110001110000100011101011000010001101100100100010010
0101101010110100000101101101100001010010001100011110001110000100011101011000010001101100100100010010
0101101000110100000101101101100001010010001100011110001110000100011101011000010001101100100100010010
0101101010110100000101101101100001010010001100011110001110000100011101011000010001101100100100010010
