0101101010110100000101101101100001010010001100011110001110000100011101011000010001101100100110110010,1
0101101000110100000101101101100001010000001100011110001110000110011101011000011001101100100110010010,1
0101101011110100000101101101100001010010001100011110001110000100011101011000010001101100100110010010,1
0101101010110100000101101101100001010010000100011110001110000101011101011000010001101100100100010010,1
0101101010110100001101101101100001010010001100011110001110000000011101011000010001101100100100010010,1
0101101000110100000101100101100001010010001100011110001110000100011101011000011001101100100110010010,1
0101101010110100000101101101100001011010001100011110001110000100001101011000010001101100100100010010,4
0101101010110100000101101101100001010010001100011110001110000000011101011000011001101100100100010010,2
0101101000110100000101101101100001010010001100011110001110000100011101011000011001101100100100011010,4
0101101010110100000101101101100001010010001100011110001110000110001101011000010001101100100100010010,1
0101101000110100000101101101100001010010001110011110001110000101011101011000010001101100100100010010,1
0101101010110100000101100101100001010010001100011110001110000100011101011000010001101100100100010010,2
0101101010110100000101101101100001010010001100011110001110000101001101011000010001101100100100010010,2
0101101010110100000101101101100001010010001100011110001110000100011101011000010001101100100110000010,1
0101101010110100000101101101100001010010001100011110000110000100011101011000010001101100100110010010,1
0101101110110100000101101101100001010010001100011110001110000100011101011000010001101100100110010010,7
0101101000110100000101101101100001010010001100011110001110000100011101011000000001101100100110010010,14
0101101100110100000101101101100001010010001100011110001110000100011101011000011001101100100110010010,1
0101101000110100001101101101100001010010001100011110001110000100011101011000010000101100100100010010,1
0101101010110100000101101101100001010010001100011110001110000100011101011000010000101100100100010010,71
0101101000110100000101101101100001010010001100011110001110000100011101011000010001101100100110010110,1
0101101110110100000101101101100001010010001100011110001110000100010101011000010001101100100100010010,1
0101101010110100001101101101100001010010001100011110001110000100011101010000011001101100100100010010,1
0001101010110100000101101101100001010010001100011110001110000000011101011000010001101100100100010010,1
0101101000110100001101101101100001010010001100011110001110000100011101011000010001101100100100000010,1
0101101010110100000101101101100001010010001100011110000110000100011101011000010001101100100100010010,1
0001101000110100000101101101100001010010001100011110001110000100011101011000010001101100100100011010,3
0101101010110100000101101101100001010010001100011110001110000100011101011000010001101100100100000010,140
0101101010110100000101101101100001010010001100011110001110000100001101011000000001101100100110010010,1
0101101110110100000101101101100001010010001100011110001110000100011101011000010001101100100100010010,188
0101101010110100000101101101100001010000001100011110001110000100011101011000000001101100100110010010,2
0101101000110100000101101101100001011010001100011110001110000100011101011000010001101100100110010010,2
0101101000110100000101101101100001010010001100011110001110000100011101011000011001101100100110010010,24
0101101000110100000101101101100001010010001100011110001110000100011101011000000001101100100100010010,104
0101101000110100000101101101100001010010001100011110001110000100010101011000010001101100100100010110,1
0101101000110100000101101101100001010010001100011110001110000110011101011000010001101100100110010010,2
0101101010110100001101101101100001010010000100011110001110000100011101011000010001101100100100010010,1
0101101010110100000101101101100001010010001100011110001110000100011101011000010001101100100110011010,13
0101101000110100000101101101100001010010001100011110001110000100011101011000010001101100100100010110,9
0101101000110100000101101101100001010000001100011110001110000000011101011000010001101100100100010010,1
0101101010110100000101101101100001010010001100011110001110000100001101011000011001101100100110010010,2
0101101010110100000101101101100001010010001100011110001110000100011101011000011001100100100100010010,2
0101101000110100000101101101100001010010001100011110001110000110010101011000010001101100100100010010,1
0101101000110100000101101101100001010010001100011110001110000101011101011000010001101100100110010010,4
0101101010110100000101101101100001010000001100011110001110000100011101011000011001101100100110010010,1
0101101000110100000101101101100001011010001100011110001110000100011101011000010001101100100100010010,153
0101101000110100000101101101100001010010001100011110001110000100011101011000011001101100100100010010,606
0101101010110100000101101101100001010010001110011110001110000100011101011000010001101100100100010010,8
0101101010110100000101101101100001010010001100011110001110000100011101011100010001101100100100010010,5
0101101010110100000101101101100001010010001100011110001110000100010101011000010001101100100100011010,2
0101101000110100000101101101100001010010001100011110001110000110011101011000010001101100100100010010,16
0101101000110100000101101101100001010010001100011110001110000101011101011100010001101100100110010010,1
0101001000110100000101101101100001010010001100011110001110000100011101011000010001101100100110010010,1
0101101010110100000101101101100001010000001100011110001110000100011101011000010001101100100100010110,1
0101101010110100001101101101100001010010001100011110001110000100001101011000010001101100100100010010,2
0101101010110100000101101101100001010010001100011110001110000100011101011000010001101100100100011010,1215
0101101010110100000101101101100001010010001100011110001110000100010101011000010000101100100110010010,1
0101101010110100000101101101100001010010001100011110001110000101011101011000010001100100100100010010,1
0101101010110100001101101101100001010000001100011110001110000100011101011000010001101100100100010010,2
0101101010110100000101101101100001010010001100011110001110000100001101011000011001101100100100010010,13
0101101000110100000101101101100001010010001100011110001110000101010101011000010001101100100100010010,1
0001101000110100000101101101100001010010001100011110001110000100011101011000010001101100100100000010,1
0101101010110100000101101101100001010000001100011110001110000101011101011000010001101100100110010010,1
0101101000110100001101101101100001010010001100011110001110000100001101010000010001101100100100010010,1
0001101100110100000101101101100001010010001100011110001110000100011101011000010001101100100100010010,2
0101101010110100000101101101100001010000001100011110001110000100011101011000011001101100100100010010,15
0101101000110100000101101101100001010010001100011110001110000101011101011000010001101100100100010010,74
0101101010110100000101101101100001000010001100011110001110000100011101011000010001101100100100010010,1
0101101010110100000101101101100001010000001100011110001110000101011101011000010001101100100100010010,2
0001101000110100000101101101100001010010001100011110001110000100011101011000010001101100100100010010,251
0101101010110100000101100101100001010000001100011110001110000110011101011000011001101100100100010010,1
0101101000110100000101101101100001010000001100011110001110000100001101011000010001101100100110010010,1
0101101010100100000101101101100001010010001100011110001110000100011101011000010001101100100100010010,1
0101101000110100001101101101100001010010001100011110001110000100011101011000010001101100100110010010,1
0001101010110100000101101101100001010010001100011110001110000100001101011000010001101100100100010010,1
0101101000110100000101101101100001010010001000011110001110000100011101011000010001101100100100010010,16
0101101010110100000101101101100001010010001100011110001110000100011101011000010001101100100110010010,2802
0101101010110100000101101101100001010010001100011110001110000100011101011000000001101100100100011010,2
0101101010110100000101101101100001010010001100011110001110000100011001011000010001101100100100010010,2
0001101010110100000101101101100001010000001100011110001110000100011101011000010001101100100100010010,6
0101101000110100000101101101100001010010001100011110001110000100011101010000010001101100100110010010,2
0101101000110100000101101101100001010000001100011110001110000100001101011000010001101100100100010010,1
0101101010110100000101101101100001010010001100011110001110000100010101011000010001101100100100010010,270
0101101000110100000101101101100001010010001100011110001110000100010101011000011001101100100100010010,3
0101101010110100000101101101100001010010001100011110001110000100011101011000010001101100100100010010,224674
0101101000110100001101101101100001010010001100011110001110000100011101011000010001101100100100010010,132
0101101010110100000101101101100001011010001100011110001110000100011101011000010001101100100100011010,4
0101101010110100000101101101100001010000001100011110001110000100011101010000010001101100100110010010,1
0101101000110100000101101101100001010010001100011110001110000100011101010000010001101100100100010010,71
0001101000110100000101101101100001010010001100011110001110000100011101011000010001101100100110010010,4
0101101010110100000101101101100001010010001100011110001110000101011101011000010001101100100100011010,1
0101101010110100000101101101100001010010001100011110001110000100001101010000010001101100100100010010,1
0101101110110100000101101101100001010010001100011110001110000100011101011000000001101100100100010010,2
0101101010110100000101101101100001010000001100011110001110000100011101010000010001101100100100010010,3
0101101000110100000101101101100001010010001100011110001110000100011101011000001001101100100110010010,1
0101101010110100000101101101100001010010001100011110001110000100011101011000011000101100100100010010,2
0101101010110100000101101101100001010010001110011110001110000100011101011000000001101100100110010010,1
0101101110110100000101101101100001010010001100011110001110000100010101011000011001101100100100010010,1
0101101000110100000100101101100001010010001100011110001110000100011101011000010001101100100100010010,12
0101101010110100000101101101100001010010001100011110001110000100011101011000000001101100100110011010,1
0101101000110100000101101101100001011010001000011110001110000100011101011000010001101100100100010010,1
0101101110110100000101101101100001010010001100011110001110000100011101011000011001101100100100010010,3
0101101010110100000101101101100001010010001100011110001110000100011101011000000001101100100100010010,200
0101101000110100000101101101100001010010001100011110001110000100011101011000001001101100100100010010,7
0101101010110100000101101101100001010010001100011110001110000100010101011000010001101100100110010010,7
0101101110110100000101101101100001010010001100011110001110000101011101011000010001101100100100010010,1
0101101010110100000101101101100001011010001100011110001110000100011101011000010001101100100100010010,419
0101101000110100000101101101100001011010001100011110001110000100011101011000011001101100100100010010,2
0101101000110100000101101101100001010010001100011110001110000101011101011000011001101100100110010010,3
0101101010110100000101101101100001010010001100011110001110000110011101011000010001101100100100010010,29
0101101000110100000101101101100001010010001100011110001110000101011101011000000001101100100100010010,4
0101101010110100000101101101100001011010001100011110001110000100011101011100010001101100100100010010,1
0101101010110100001101101101100001010010001100011110001110000100011101011000010001101100100100011010,2
0101101000110100000101101101100001010010001100011110001110000100001101011000010000101100100100010010,1
0101101010110100000101101101100001010010001100011110001110000100011101011000011001101100100100011010,7
0101101010110100000101101101100001010010001100011110001110000101001101011000011001101100100110010010,1
0101101010110100000101101101100001010010001100011110001110000100011101010000010001101100100100011010,1
0101101000110100001101101101100001010010001100011110001110000101011101011000010001101100100100010010,1
0001101000110100000101101101100001010010001100011110001110000100011101011000000001101100100100010010,1
0101101000110100000101101101100001010010001100011110001110000101011101011000011001101100100100010010,2
0101101000110100000101101101100001010010000100011110001110000100011101011000010001101100100100010010,3
0101101000110100000101101101100001010010001100011110001110000100001101011000010001101100100100000010,2
0101101000110100000101101101100001010010001100011110001110000100011101011010010001101100100100010010,2
0101101100110100000101101101100001010000001100011110001110000100011101011000010001101100100100010010,1
0101101000110100000100101101100001010010001100011110001110000100011001011000010001101100100100010010,1
0101101010110100000101101101100001010010001100011110001110000100011101011000000001101100100110010010,24
0101101000110100000101101101100001010010001100011110001110000100011101011000010001100100100100011010,1
0001101010110100000101101101100001010000001100011110001110000100011101011000000001101100100100010010,1
0101101010110100000101101101100001010000001100011110001110000101011101011000011001101100100100010010,1
0101101010110100000101101101100001010000001100011110001110000101011101010000010001101100100100010010,1
0001101000110100000101101101100001010010001100011110001110000110011101011000010001101100100100010010,1
0101101000110100000101101101100001010010001100011110001110000000011101011000010001101100100100010010,10
0101101010110100000101101101100001010010001100011110001110000100010101011000000001101100100100010010,2
0001101010110100000101101101100001010010001100011110001110000100011101011000010001101100100100011010,1
0101101010110100000101101101100001010010001000011110001110000100011101011000010001101100100100010010,59
0101101010110100000101101101100001011010001100011110001110000100011101011000010001101100100110010010,4
0101101010110100000101101101100001010010001100011110001110000100011101011000011001101100100110010010,70
0101101000110100000101101101100001010010001100011110001110000100001101011000010001101100100100011010,3
0101101010110100000101101101100001010010001100011110001110000110011101011000010001101100100110010010,10
0101101010110100000101101101100001010010001100011110001110000100011101011000010001101100100100010110,22
0101101000110100000101101101100001010000001100011110001110000100011101011000010001101100100100011010,4
0101101000110100000101101101100001010010001100011110001110000100011101010000000001101100100100010010,1
0101101010110100000101101101100001010010001100011110001110000100010101011000011001101100100100010010,4
0101101010110100001101101101100001010010001100011110001110000100011101011000010001101100100100010010,351
0101101010110100000101101101100001010010001100011110001110000101011101011000010001101100100110010010,17
0101101000110100001101101101100001010010001100011110001110000100011101011000011001101100100100010010,5
0101101010110100000101101101100001010010001100011110001110000100011101011000011001101100100100010010,1598
0101101000110100000101101101100001010010001100111110001110000100011101011000010001101100100100010010,1
0101101000110100001101101101100001010010001100011110001110000100011101010000010001101100100100010010,2
0101101000110100000101101101100001010010001100011110001110000100011101010000011001101100100100010010,1
0101101010110100000101101101100001010010001101011110001110000100011101011000010001101100100100010010,1
0101101010110100000101101101100001010010001100011110001110000101011101011000010001101100100100010010,189
0101101000110100000101101101100001010010001100011110001110000100001101011000010001101100100110010010,14
0101101000110100000101101101100001010010001100011110001110000101011101010000010001101100100100010010,4
0101101010110100000101101101100001010010001100011110001110000110011101011000000001101100100110010010,1
0101101010110100000101101101100001010010001000011110001110000100011101011000010001101100100110010010,3
0101101000110100000101101101100001010000001100011110001110000100011101011000010001101100100110010010,14
0101101010110100000101101101100001010010001100011110001110000100011101011000000001101100100100010110,1
0001101010110100000101101101100001010010001100011110001110000100011101011000010001101100100100010010,596
0101101010110100000101101101100001010010001100011110001110000100001101011000010001100100100100010010,1
0001101000110100000101101101100001010010001100011110001110000100011101011000011001101100100100010010,8
0101101010110100000101101101100001011010001100011110001110000100011101011000000001101100100100010010,1
0101101000110100000101101101100001010000001100011110001110000100010101011000010001101100100100010010,1
0001101000110100000101101101100001010010001100011110001110000100011101010000010001101100100100010010,1
0101101000110100000101101101100001010010001100011110001110000100001101011000010001101100100100010010,661
0101101010110100000101101101100001010000001100011110001110000100011101011000010001100100100100010010,3
0101101010110100000100101101100001010010001100011110001110000100011101011000010001101100100100011010,1
0101101010110100000101101101100001010010001100011110001110000110011101011000000001101100100100010010,1
0101101010110100001101101101100001010010001100011110001110000100011101011000010001101100100110010010,6
0101101000110100000101101101100001010000001100011110001110000100011101011000010001101100100100010010,291
0101101010110100000101101101100001010010001100011110001110000100011101010000010001101100100110010010,4
0101101010110100000101101101100001010010001100011110001110000101011101011000000001101100100100010010,6
0101101010110100000101101101100001011010001100011110001110000100011101011000011001101100100100010010,4
0101101010110100000101101101100001010000001100011110001110000100001101011000010001101100100100010010,3
0101101010110100000101101101100001010010001100011110001110000100010101010000010001101100100100010010,1
0101101010110100001101101101100001010010001100011110001110000100011101011000011001101100100100011010,1
0101101010110100000101101101100001010010001100011110001110000100011101010000010001101100100100010010,172
0101101000110100000101101101100001010010001100011110001110000100011101011000010001100100100110010010,2
0101101000110100000101101101100001010010001100011110001110000111011101011000011001101100100100010010,1
0001101010110100000101101101100001010010001100011110001110000100011101011000010001101100100110010010,14
0101100000110100000101101101100001010010001100011110001110000100011101011000010001101100100100010010,3
0101101010110100000101101101100001010010001100011110001110000100011101011000001001101100100110010010,5
0101101000110100000101101101100001010010001100011110001110000100011101011000010001100100100100010010,63
0001101000110100000101101101100001011010001100011110001110000100011101011000011001101100100100010010,1
0001101010110100000101101101100001010010001100011110001110000100010101011000010001101100100100010010,3
0101101010110100000101101101100001010010001100011110011110000100011101011000000001101100100100010010,1
0101101000110100000101101101100001010010001100011110001110000100011101010000001001101100100110010010,1
0101101010110100000100101101100001010010001100011110001110000100011101011000010001101100100100010010,32
0101101000110100000101101101100001010010001100011110001110010100011101011000010001101100100100010010,1
0101101010110100000101101101100001010010001000011110001110000100011101011000011001101100100100010010,1
0101101010110100001101101101100001010010001100011110001110000100011101011000000001101100100100010010,1
0101101010110100000101101101100001010010001100011110001110000100001101011000010001101100100100011010,5
0101101010110100000101101101100001010010001100011110001110000100011101011000001001101100100100010010,8
0101101010110100000101101101100001010010001100011110001110000110011101011000011001101100100110010010,1
0101101100110100000101101101100001010010001100011110001110000100011101011000010001101100100110010010,2
0101101010110100001101101101100001011010001100011110001110000100011101011000010001101100100100010010,1
0101101000110100000101101101100001010010001100011110001110000100011101011000010000101100100100010010,45
0101101010110100001101101101100001010010001100011110001110000100011101011000011001101100100100010010,8
0101101010110100001101101101100001010010001100011110001110000110011101011000010001101100100100010010,1
0101101010110100000101101101100001010010001100011110001110000101011101011000011001101100100110010010,4
0001101010110100000101101101100001010010001100011110001110000100011101011000000001101100100110010010,1
0101101110110100000101101101100001010010001100011110001110000100001101011000010001101100100110010010,1
0101101010110100000101101101100001010010001100011110001110000111011101011000010001101100100110010010,1
0101101010110100000101101101100001010010001100011110001110000110011101011000011001101100100100010010,2
0101101010110100000101101101100001010010001100011110001110000100001101011000010000101100100100010010,1
0001101000110100000101101101100001010010001100011110001110000000011101011000010001101100100100010010,1
0101101000110100000101101101100001010010001100011110001110000100011101011000010001101100100100000010,76
0101101100110100000101101101100001010010001100011110001110000100011101011000010001101100100100010010,86
0101101010110100001101101101100001010010001100011110001110000101011101011000010001101100100100010010,1
0101101010110100000101101101100001010010001100111110001110000100011101011000010001101100100100011010,3
0101100000110100000101101101100001010010001100011110001110000100011101011000010001101100100110010010,1
0001101010110100000101101101100001010010001100011110001110000100011101011000000001101100100100010010,2
0101101110110100000101101101100001010010001100011110001110000100000101011000010001101100100100010010,1
0101101010110100000101101101100001010010000100011110001110000100011101011000010001101100100100010010,8
0101101010110100000101101101100001010010001100011110001110000101011101011000011001101100100100010010,7
0101101010110100000101101101100001010010001100011110001110000100001101011000010001101100100100000010,1
0101101010110100000101101101100001010010001100011110001110000000011101011000010001101100100110010010,3
0101101000110100000101101101100001010010001100011110001110000100011101011000010001101100100110011010,8
0101101110110100000101101101100001010010001100011110001110000100001101011000010001101100100100010010,2
0101101010110100000101101101100001010010001100011110001110000101011101010000010001101100100100010010,1
0101101000110100000101101101100001010010001100011110001110000100001101011000011001101100100110010010,1
0101101000110100000101101101100001010010001100011110001110000100001101011000000001101100100100010010,3
0101101010110100000101101101100001010010001100011110001110000100011101011010010001101100100100010010,2
0101101110110100000101101101100001010000001100011110001110000100011101011000010001101100100100010010,1
0101101000110100000101101101100001010010001100011110001110000110011101011000010001100100100100010010,1
0101101000110100000101101101100001010000001100011110001110000100011101011000000001101100100100010010,2
0101101000110100000101101101100001010010001100011110001110000100010101011000010001101100100100011010,1
0001101010110100000101101101100001011010001100011110001110000100011101011000010001101100100100010010,1
0101101000110100000101101101100001010010001110011110001110000100011101011000010001101100100100010010,4
0001101010110100000101101101100001010010001100011110001110000100011101011000011001101100100100010010,10
0101101000110100000101100101100001010010001100011110001110000100011101011000010001101100100110010010,5
0101101000110100001101101101100001010010001100011110001110000100001101011000010001101100100100010010,3
0101101010110100000101101101100001010010001100011110001110000000011101011000010001101100100100010010,4
0101101000110100000101101101100001010010001100011110001110000100011101011000010001101100100100011010,480
0101101010110100001101101101100001010010001000011110001110000100011101011000010001101100100100010010,1
0101101000110100000101101101100001011010001100011110001110000100001101011000010001101100100100010010,5
0101101000110100000101101101100001010010001100011110001110000100001101011000011001101100100100010010,3
0101101000110100000101101101100001010010001100011110001110000100011101011000010000101100100110010010,1
0101101000110100000101101101100001010010001100011110001110000110001101011000010001101100100100010010,1
0101101000110100000101101101100001010000001100011110001110000100011101011000011001101100100100010010,4
0001101010110100000101101101100001010010001100011110001110000101011101011000010001101100100100010010,1
0101101010110100000101101101100001010000001100011110001110000100011101011000010001101100100100011010,3
0101101010110100000101101101100001010010001100011110001110000101011101011000001001101100100100010010,2
0101101010110100001101101101100001010010001100011110001110000101011101011000010001101100100110010010,1
0101101000110100000101101101100001010000001100011110001110000101011101011000010001101100100100010010,3
0101101010110100000101101101100001010010000100011110001110000100011101011000010001101100100110010010,1
0101101010110100000101101101100001010010001100111110001110000100011101011000010001101100100100010010,3
0101101010110100001101101101100001010010001100011110001110000100011101010000010001101100100100010010,1
0101101010110100000101101101100001010010001100011110001110000100011101010000011001101100100100010010,4
0001101000110100000101101101100001010010001100011110001110000100001101011000010001101100100100010010,3
0101101000110100000101101101100001010010001100011110001110000100011101011000010001101100100110010010,1108
0001101010110100000101101101100001010010001000011110001110000100011101011000010001101100100100010010,1
0001101000110100000101101101100001010000001100011110001110000100011101011000010001101100100100010010,2
0101101000110100000101101101100001010010001110011110001110000100011101011000010001101100100110010010,1
0101101000110100000101001101100001010010001100011110001110000100011101011000010001101100100100010010,1
0101101010110100000101101101100001010010001100011110001110000100001101011000010001101100100110010010,19
0101101010110100000101101101100001010010001100011110001110000100011101011000010001100100100100010010,87
0101101000110100000101101101100001010010001100011110001110000100010101011000010001101100100100010010,104
0101101000110100000101101101100001010010001100011110001110000101011101011000010001100100100110010010,1
0101101000110100000101101101100001010010001100011110001110000100011101011000011001100100100100010010,2
0101101000110100000101101101100001010010001100011110001110000100011101011000010001101100100100010010,88221
0101101010110100000101101101100001010000001100011110001110000100011101011000010001101100100110010010,21
0101101010110100000101101101100001010010001100011110001110010100011101011000010001101100100100010010,4
0001101010110100001101101101100001010010001100011110001110000100011101011000010001101100100100010010,2
0101101010110100000101101101100001010010001100011110001110000100000101011000010001101100100100010010,1
0101101000110100000101101101100001010010001100011110001110000100011101011100010001101100100100010010,1
0101101000110100000101101101100001010010001100011110001110010100011101011000011001101100100100010010,1
0101101000110100000101101101100001010010001100011110001110000100011101011000000000101100100100010010,1
0101101010110100001101101101100001010010001100011110001110000100011101011000001001101100100100010010,1
0101101010110100000101101101100001010000001100011110001110000100010101011000010001101100100100010010,1
0001101010110100000101101101100001010010001100011110001110000100011101010000010001101100100100010010,2
0101101010110100000101101101100001010010001100011110001110000100001101011000010001101100100100010010,1688
0101101000110100001101101101100001010000001100011110001110000100011101011000010001101100100100010010,2
0101101010110100000101101101100001010000001100011110001110000100011101011000010001101100100100010010,749
0101101000110100000101100101100001010010001100011110001110000101011101011000010001101100100110010010,1
0101101000110100000101101101100001010010001100011110001110000100001101010000010001101100100100010010,1
0101101100110100000101101101100001010010001100011110001110000100011101011000000001101100100100010010,2
0101101010110100001101101101100001010010001100011110001110000100011101010000010001101100100110010010,1
0101101000110100000101101101100001010000001100011110001110000100011101010000010001101100100100010010,6
0101101000110100000101101101100001010010001100011110001110000100011101011000011000101100100100010010,1
0101101100110100000101101101100001010010001100011110001110000100011101011000011001101100100100010010,1
0101101000110100000101101101100001011010001100011110001110000100011101011000010001101100100100000010,2
0101101000110100000101101101100001010010001100011110001110000100010101011000010001101100100110010010,6
0101101010110100000101101101100001010010001100011110001110000100011101011000010001101100100100001010,1
0101101010110100000101101101100001010010001100011110001110000100001101011000000001101100100100010010,4
0101101100110100000101101101100001010010001100011110001110000101011101011000010001101100100100010010,1
0101101010110100000101101101100001010000001100011110001110000100011101011000000001101100100100010010,3
0101100010110100000101101101100001010010001100011110001110000100011101011000010001101100100100010010,5
