0	1111111111111101111111111111101111111011111111111111111111111101111111110111111011111111111111111111	0.3274449191544768	94
0	0000000000000000000000000000000000000000000000000000000000000000000000000000000000000000000000000000	0	0
0	1111111111111111111111111111111111111111111111111111111111111111111111111111111111111111111111111111	0	100
0	1111111111111111111111111111111111111111111111111111111111111111111111111111111111111111111111111111	0	100
0	1111101101010010111001100011110010110100011110101111010111111111011101100001000101101000011111000110	0.9765004687578243	59
0	1111111111111111111111111111111111111111111111111111111111111111111111111111111111111111111111111111	0	100
0	0000000000000000000000000000000000000000000000000000000000000000000000000000000000000000000000000000	0	0
0	1111111111111111111111111111111111111111111111111111111111111111111111111111111111111111111111111111	0	100
0	0000000000000000000000000000000000000000000100100000000000000000000000000000000000000000000000000000	0.1414405425418206	2
0	1000000001000010010000000000000010000010000000100011000100000000000000000010010001100010100000000100	0.6577047787442201	17
0	0000000000000000000000000000000000000000000000000000000000000000000000000000000000000000000000000000	0	0
