1	1111111111111111111111111111111111111111111111111111111111111111111111111111111111111111111111111111	0	100
1	0000000000000000000000000000000000000000000000000000000000000000000000000000000000000000000000000000	0	0
1	0000000000001010000000000000011010000000010000000100000000000110000100001010000100000000010000000000	0.584238811642857	14
1	0000010000000010000000000000000000000000100000000000000000100000000000000000001000000000000000000000	0.28639695711595614	5
1	1011111111101111111111110111111111101010111110110011001110101111110111011111111111111111110011001111	0.7014714598838978	81
1	1111111111111111111111111111111111111111111111111111111111111111111111111111111111111111111111111111	0	100
1	1111111111111111111110111111111111111111111111111111111111111111111111110111111111111111111111111111	0.1414405425418206	98
1	1000110010000000010000010000001000000000000000000000100100000000000100110000000100000010010000110000	0.6577047787442201	17
1	1111111111111111101111111110111111111111111111111111111111111111111111111111111111111111111111111111	0.1414405425418206	98
1	0000000000000000000000000000000000000000000000000000000100000000000000001000010000000000000000000000	0.19439185783157686	3
1	0000000000000000000000000010000000000000000000000000000000000000000100100000000000000000000000001000	0.24229218908241457	4
