0	1111111111111111111111111111111111111111111111111111111111111111111111111111111111111111111111111111	0
1	0000000000000000000000000000000000000000000000000000000000000000000000000000000000000000000000000000	0
2	0000000000000000000000000000000000000000000000000000000000000000000000000000000000000000000000000000	0
3	1111111111111111111111111111111111111111111111111111111111111111111111111111111111111111111111111111	0
4	1111111111111111111111111111111111111111111111111111111111111111111111111111111111111111111111111111	0
5	1111111111111111111111111111111111111111111111111111111111111111111111111111111111111111111111111111	0
6	0000000000000000000000000000000000000000000000000000000000000000000000000000000000000000000000000000	0
7	1111111111111111111111111111111111111111111111111111111111111111111111111111111111111111111111111011	0.0807931358959113
8	0000000000000000000000000000000000000000000000000000000000000000000000000000000000000000000000000000	0
9	1111111111111111111111111111111111111111111111111111111111111111111111111111111111111111111111111111	0
10	1111111111111111111111111111111111111111111111111111111111111111111111111111111111111111111111111111	0
11	1111111111111111111111111111111111111111111111111111111111111111111111111111111111111111111111111111	0
12	1111111111111111111111111111111111111111111111111111111111111111111111111111111111111111111111111111	0
13	0000000000000000000000000000000000000000000000000000000000000000000000000000000000000000000000000000	0
14	1111111111111111111111111111111111111111111111111111111111111111111111111111111111111111111111111111	0
15	0000000000000000000000000000000000000000000000000000000000000000000000000000000000000000000000000000	0
16	1111111111111111111111111111111111111111111111111111111111111111111111111111111111111111111111111111	0
17	1011111111111111011111111111101111111111111111011011101110101101110011011111111111111111110111111111	0.5574381850279879
18	0000000000000000000000000000000000000000000000000000000000000000000000000000000000000000000000000000	0
19	0000000000000000000000000000000000000000000000000000000000000000000000000000000000000000000000000000	0
20	0000000000000000000000000000000000000000000000000000000000000000000000000000000000000000000000000000	0
21	1111111111111111111111111111111111111111111111111111111111111111111111111111111111111111111111111111	0
22	1111111111111111111111111111111111111111111111111111111111111111111111111111111111111111111111111111	0
23	0000000000000000000000000000000000000000000000000000000000000000000000000000000000000000000000000000	0
24	0001001011001010000010001110100001001010010001100000100101100101010000010010000000101000001111000010	0.9149263727797274
25	0000000000000000000000000000000000000000000000000000000000000000000000000000000000000000000000000000	0
26	1111111111111111111111111111111111111111111111111111111111111111111111111111111111111111111111111111	0
27	1111111111111111111111111111111111111111111111111111111111111111111111111111111111111111111111111111	0
28	1111111111111111111111111111111111111111111111111111111111111111111111111111111111111111111111111111	0
29	1111111111111111111111111111111111111111111111111111111111111111111111111111111111111111111111111111	0
30	0000000000000000010101000101110001000000000101000100100001000000100000001000000000000000011000101000	0.7014714598838978
31	1111111111111111111111111111111111111111111111111111111111111111111111111111111111111111111111111111	0
32	0000000000000000000000000000000000000000000000000000000000000000000000000000000000000000000000000000	0
33	0000000000000000000000000000000000000000000000000000000000000000000000000000000000000000000000000000	0
34	0000000000000000000000000000000000000000000000000000000000000000000000000000000000000000000000000000	0
35	0101110101010110110101110101111011010110000111111100111101111010011101101101010100101101110111110010	0.950672092687066
36	0000000000000000000000000000000000000000000000000000000000000000000000000000000000000000000000000000	0
37	1111111111111111111111111111111111111111111111111111111111111111111111111111111111111111111111111111	0
38	0000000000000000000000000000000000000000000000000000000000000000000000000000000000000000000000000000	0
39	0000000000000000000000000000000000000000000000000000000000000000000000000000000000000000000000000000	0
40	0000000000000000000000000000000000000000000000000000000000000000000000000000000000000000000000000000	0
41	0000000000000000000000000000000000000000000000000000000000000000000000000000000000000000000000000000	0
42	1111111111111111111111111111111111111111111111111111111111111111111111111111111111111111111111111111	0
43	1111111111111111111111111111111111111111111111111111111111111111111111111111111111111111111111111111	0
44	0000000000000000000000000000000000000000000000000000000000000000000000000000000000000000000000000000	0
45	1111110011110010111110011111110110111001011110101011111111111111011111111111111111111111111011001111	0.7014714598838978
46	1111111111111111111111111111111111111111111111111111111111111111111111111111111111111111111111111111	0
47	0000000000000000000000000000000000000000000000000000000000000000000000000000000000000000000000000000	0
48	1111111111111111111111111111111111111111111111111111111111111111111111111111111111111111111111111111	0
49	1111111111111111111111111111111111111111111111111111111111111111111111111111111111111111111111111111	0
50	0000000000000000000000000000000000000000000000000000000000000000000000000000000000000000000000000000	0
51	0000000000010010000000000000010000000010010100100000000000100010000100000000000100000000000000000000	0.49991595816452783
52	0000000000000000000000000000000000000000000000000000000000000000000000000000000000000000000000000000	0
53	0000000000000000000000000000000000000000000000000000000000000000000000000000000000000000000000000000	0
54	0000000000000000000000000000000000000000000000000000000000000000000000000000000000000000000000000000	0
55	1111111111111111111111111111111111111111111111111111111111111111111111111111111111111111111111111111	0
56	1111111111111111111111111111111111111111111111111111111111111111111111111111111111111111111111111111	0
57	0000000000000000000000000000000000000000000000000000000000000000000000000000000000000000000000000000	0
58	1111111111111111111111111111111111111111111111111111111111111111111111111111111111111111111111111111	0
59	0000000000000000000000000000000000000000000000000000000000000000000000000000000000000000000000000000	0
60	0000000000000000000000000000000000000000000000000000000000000000000000000000000000000000000000000000	0
61	0000000000000000000000000000000000000000000000000000000000000000000000000000000000000000000000000000	0
62	1111111111111111111111111111111111111111111111111111111111111111111111111111111111111111111111111111	0
63	0000000000000000000000000000000000000000000000000000000000000000000000000000000000000000000000000000	0
64	0000000000000000000000000000000000000000000000000000000000000000000000000000000000000000000000000000	0
65	0000000000000000000000000000000000000000000000000000000000000000000000000000000000000000000000000000	0
66	0000000000000000000000000000000000000000000000000000000000000000000000000000000000000000000000000000	0
67	0000000000000000000000000000000000000000000000000000000000000000000000000000000000000000000000000000	0
68	1111111111111111111111111111111111111111111111111111111111111111111111111111111111111111111111111111	0
69	1111111111111111111111111111111111111111111111111111111111111111111111111111111111111111111111111111	0
70	1111111111111111111111111111111111111111111111111111111111111111111111111111111111111111111111111111	0
71	0010010000000000000100011010101110010010001111001010011000110100000000100000110010000001100000000000	0.8687212463394056
72	1111111111111111111111111111111111111111111111111111111111111111111111111111111111111111111111111111	0
73	0000000000000000000000000000000000000000000000000000000000000000000000000000000000000000000000000000	0
74	1111111111111111111111111111111111111111111111111111111111111111111111111111111111111111111111111111	0
75	1111111111111111111111111111111111111111111111111111111111111111111111111111111111111111111111111111	0
76	1111111111111111111111111111111111111111111111111111111111111111111111111111111111111111111111111111	0
77	0000000000000000000000000000000000000000000000000000000000000000000000000000000000000000000000000000	0
78	0000000000000000000000000000000000000000000000000000000000000000000000000000000000000000000000000000	0
79	0000000000000000000000000000000000000000000000000000000000000000000000000000000000000000000000000000	0
80	0000000000000000000000000000000000000000000000000000000000000000000000000000000000000000000000000000	0
81	0000000000000000000000000000000000000000000000000000000000000000000000000000000000000000000000000000	0
82	0000000000000000000000000000000000000000000000000000000000000000000000000000000000000000000000000000	0
83	0000000000010000010100110001000000100111010100011010100000101010001100000000100000001000010000100000	0.8112781244591334
84	0000000000000000000000000000000000000000000000000000000000000000000000000000000000000000000000000000	0
85	1111111111111111111111111111111111111111111111111111111111111111111111111111111111111111111111111111	0
86	1111111111111111111111111111111111111111111111111111111111111111111111111111111111111111111111111111	0
87	0000000000000000000000000000010000000000000000000000000000000000000000000000000000001000001000000000	0.19439185783157686
88	1111011101000110111111010100111011011011111111111101011001110011110011000111111111111100111111001111	0.8554508105601313
89	0000000000000000000000000000000000000000000000000000000000000000000000000000000000000000000000000000	0
90	0000000000000000000000000000000000000000000000000000000000000000000000000000000000000000000000000000	0
91	0000000000000000000000000000000000000000000000000000000000000000000000000000000010000000000000000000	0.0807931358959113
92	1111111111111111111111111111111111111111111111111111111111111111111111111111111111111111111111111111	0
93	0000000000000000000000000000000000000000000000000000000000000000000000000000000000000000000000000000	0
94	1111111111111111111111111111111111111111111111111111111111111111111111111111111111111111111111111111	0
95	1111111111111111111111111111111111111111111111111111111111111111111111111111111111111111111111111111	0
96	0000000000000000000000000000000000000000000000000000000000000000000000000000000000000000000000000000	0
97	1111111111111111111111111111111111111111111111111111111111111111111111111111111111111111111111111111	0
98	1111111111111111111111111111111111111101111111111111111111111111111111110111111111111111111111111111	0.1414405425418206
99	0000000000000000000000000000000000000000000000000000000000000000000000000000000000000000000000000000	0
100	0000000000000000000000000000000000000000000000000000000000000000000000000000000000000000000000000000	0
101	1111111111111111111111111111111111111111111111111111111111111111111111111111111111111111111111111111	0
102	0000000000000000000000000000000000000000000000000000000000000000000000000000000000000000000000000000	0
103	0000000000000000000000000000000000000000000000000000000000000000000000000000000000000000000000000000	0
104	1111111111111111111111111111111111111111111111111111111111111111111111111111111111111111111111111111	0
105	0000000000000000000000000000000000000000000000000000000000000000000000000000000000000000000000000000	0
106	1111111111111111111111111111111111111111111111111111111111111111111111111111111111111111111111111111	0
107	0000000000000000000000000000000000000000000000000000000000000000000000000000000000000000000000000000	0
108	1111111111111111111111111111111111111111111111111111111111111111111111111111111111111111111111111111	0
109	1111111111111111111011111111111111111111111111111111111111111111111111111111111111111111111111111111	0.0807931358959113
110	1111111111111111111111111111111111111111111111111111111111111111111111111111111111111111111111111111	0
111	1111111111111111111111111111111111111111111111111111111111111111111111111111111111111111111111111111	0
112	0000000000000000000000000000000000000000000000000000000000000000000000000000000000000000000000000000	0
113	1111111111111111111111111111111111111111111111111111111111111111111111111111111111111111111111111111	0
114	0000000000000000000000000000000000000000000000000000000000000000000000000000000000000000000000000000	0
115	0000000000000000000000000000000000000000000000000000000000000000000000000000000000000000000000000000	0
116	1111111111111111111111111111111111111111111111111111111111111111111111111111111111111111111111111111	0
117	1111111111111111111111111111111111111111111111111111111111111111111111111111111111111111111111111111	0
118	1111111111111111111111111111111111111111111111111111111111111111111111111111111111111111111111111111	0
119	0000000000000000000000000000000000000000000000000000000000000000000000000000000000000000000000000000	0
120	1111111111111111111111111111111111111111111111111111111111111111111111111111111111111111111111111111	0
121	1111111111111111111111111111111111111111111111111111111111111111111111111111111111111111111111111111	0
122	0000000000000000000000000000000000000000000000000000000000000000000000000000000000000000000000000000	0
123	1111111101110111111111111011110111011111111110111011111111111111111111111101111111111110111111111111	0.43646981706410326
124	1111111111111111111111111111111111111111111111111111111111111111111111111111111111111111111111111111	0
125	0000000000000000000000000000000000000000000000000000000000000000000000000000000000000000000000000000	0
126	0000000000000000000000000000000000000000000000000000000000000000000000000000000000000000000000000000	0
127	1111111111111111111111111111111111111111111111111111111111111111111111111111111111111111111111111111	0
128	0000000000000000000000000000000000000000000000000000000000000000000000000000000000000000000000000000	0
129	0000000000000000000000000000000000000000000000000000000000000000000000000000000000000000000000000000	0
130	1111111111111111111111111111111111111111111111111111111111111111111111111111111111111111111111111111	0
131	0000000000000000000000000000000000000000000000000000000000000000000000000000000000000000000000000000	0
132	1111111111111111111111111111111111111111111111111111111111111111111111111111111111111111111111111111	0
133	1111111111111111111111111111111111111111111111111111111111111111111111111111111111111111111111111111	0
134	1111111111111111111111111111111111111111111111111111111111111111111111111111111111111111111111111111	0
135	0000000000000000000000000000000000000000000000000000000000000000000000000000000000000000000000000000	0
136	0000000000000000000000000000000000000000000000000000000000000000000000000000000000000000000000000000	0
137	1111111111111111111111111111111111111111111111111111111111111111111111111111111111111111111111111111	0
138	1111111111111111111111111111111111111111111111111111111111111111111111111111111111111111111111111111	0
139	0000000000000000000000000000000000000000000000000000000000000000000000000000000000000000000000000000	0
140	0000000000000000000000000000000000000000000000000000000000000000000000000000000000000000000000000000	0
141	0100110110010111001101100011111111000111111101110110111111111110111111111111111101111111110100110110	0.8267463724926172
142	0000000000000000000000000000000000000000000000000000000000000000000000000000000000000000000000000000	0
143	0000000000000000000000000000000000000000000000000000000000000000000000000000000000000000000000000000	0
144	1110101110101110110010001001100110111011001100101001011101100101101001101010000011100001001100001011	0.9997114417528099
145	1111111111111111111111111111111111111111111111111111111111111111111111111111111111111111111111111111	0
146	0000000000000000000000000000000000000000000000000000000000000000000000000000000000000000000000000000	0
147	0000000000000000000000000000000000000000000000000000000000000000000000000000000000000000000000000000	0
148	1111111111111111111111111111111111111111111111111111111111111111111111111111111111111111111111111111	0
149	1111111111111111111111111111111111111111111111111111111111111111111111111111111111111111111111111111	0
150	0000000000000000000000000000000000000000000000000000000000000000000000000000000000000000000000000000	0
151	0000000000000000000000000000000000000000000000000000000000000000000000000000000000000000000000000000	0
152	1111111111111111111111111111111111111111111111111111111111111111111111111111111111111111111111111111	0
153	1111111111111111111111111111111111111111111111111111111111111111111111111111111111111111111111111111	0
154	0000000000000000000000000000000000000000000000000000000000000000000000000000000000000000000000000000	0
155	1111111111111111111111111111111111111111111111111111111111111111111111111111111111111111111111111111	0
156	1111111111111111111111111111111111111111111111111111111111111111111111111111111111111111111111111111	0
157	0000000000000000000000000000000000000000000000000000000000000000000000000000000000000000000000000000	0
158	1111111111111111111111111111111111111111111111111111111111111111111111111111111111111111111111111111	0
159	0000000000000000000000000000000000000000000000000000000000000000000000000000000000000000000000000000	0
160	0000000000000000000000000000000000000000000000000000000000000000000000000000000000000000000000000000	0
161	0000000000000000000000000000000000000000000000000000000000000000000000000000000000000000000000000000	0
162	0000000000000000000000000000000000000000000000000000000000000000000000000000000000000000000000000000	0
163	0110000001010001001000000010000100000000001001000001000001010100010011100100000000100000000000000100	0.741482739931274
164	0000000000000000000000000000000000000000000000000000000000000000000000000000000000000000000000000000	0
165	0000000000000000000000000000000000000000000000000000000000000000000000000000000000000000000000000000	0
166	1111111111111111111111111111111111111111111111111111111111111111111111111111111111111111111111111111	0
167	1111111111111111111111111111111111111111111111111111111111111111111111111111111111111111111111111111	0
168	0000000000000000000000000000000000000000000000000000000000000000000000000000000000000000000000000000	0
169	1111111111111111111111111111111111111111111111111111111111111111111111111111111111111111111111111111	0
170	0000000000000000000000000000000000000000000000000000000000000000000000000000000000000000000000000000	0
171	1111111111111111111111111111111111111111111111111111111111111111111111111111111111111111111111111111	0
172	1111111111111111111111111111111111111111111111111111111111111111111111111111111111111111111111111111	0
173	1111111111111111111111111111111111111111111111111111111111111111111111111111111111111111111111111111	0
174	1111111111111111111111111111111111111111111111111111111111111111111111111111111111111111111111111111	0
175	0000000000000000000000000000000000000000000000000000000000000000000000000000000000000000000000000000	0
176	1111111111111111111111111111111111111111111111111111111111111111111111111111111111111111111111111111	0
177	0000000000000000000000000000000000000000000000000000000000000000000000000000000000000000000000000000	0
178	1111111111111111111111111111111111111111111111111111111111111111111111111111111111111111111111111111	0
179	1111111111111111111111111111111111111111111111111111111111111111111111111111111111111111111111111111	0
180	1111111111111111111111111111111111111111111111111111111111111111111111111111111111111111111111111111	0
181	1111111111111111111111111111111111111111111111111111111111111111111111111111111111111111111111111111	0
182	1111111111111111111111111111111111111111111111111111111111111111111111111111111111111111111111111111	0
183	0000000000000000000000000000000000000000000000000000000000000000000000000000000000000000000000000000	0
184	0000000000000000000000000000000000000000000000000000000000000000000000000000000000000000000000000000	0
185	1111111111111111111111111111111111111111111111111111111111111111111111111111111111111111111111111111	0
186	1111111111111111111111111111111111111111111111111111111111111111111111111111111111111111111111111111	0
187	1111111111111111111111111111111111111111111111111111111111111111111111111111111111111111111111111111	0
188	0000000000000000000000000000000000000000000000000000000000000000000000000000000000000000000000000000	0
189	0000000000000000000000000000000000000000000000000000000000000000000000000000000000000000000000000000	0
190	0000000000000000000000000000000000000000000000000000000000000000000000000000000000000000000000000000	0
191	1111111111111111111111111111111111111111111111111111111111111111111111111111111111111111111111111111	0
192	0100011000100010100101000000100000010011000001010000010101100010000000101000111100000100100000010000	0.8554508105601313
193	0000000000000000000000000000000000000000000000000000000000000000000000000000000000000000000000000000	0
194	0000000000000000000000000000000000000000000000000000000000000000000000000000000000000000000000000000	0
195	1111111111111111111111111111111111111111111111111111111111111111111111111111111111111111111111111111	0
196	1111111111111111111111111111111111111111111111111111111111111111111111111111111111111111111111111111	0
197	1111111111111101001111111111111111111111111111111111111111011111111111111111111011111111111110111111	0.3274449191544768
198	1111111111111111111111111111111111111111111111111111111111111111111111111111111111111111111111111111	0
199	0000000000000000000000000000000000000000000000000000000000000000000000000000000000000000000000000000	0
200	0000000000000000000000000000000000000000000000000000000000000000000000000000000000000000000000000000	0
201	0000000000000000000000000000000000000000000000000000000000000000000000000000000000000000000000000000	0
202	0000000000000000000000000000000000000000000000000000000000000000000000000000000000000000000000000000	0
203	1111111111111111111111111111111111111111111111111111111111111111111111111111111111111111111111111111	0
204	0000000000000000000000000000000000000000000000000000000000000000000000000000000000000000000000000000	0
205	0000000000000000000000000000000000000000000000000000000000000000000000000000000000000000000000000000	0
206	0000000000000000000000000000000000000000000000000000000000000000000000000000000000000000000000000000	0
207	1111111111111111111111111111111111111111111111111111111111111111111111111111111111111111111111111111	0
208	1111111111111111111111111111111111111111111111111111111111111111111111111111111111111111111111111111	0
209	1111111111111111111111111111111111111111111111111111111111111111111111111111111111111111111111111111	0
210	1001011101111110111111110111101011111111011101011111001111110111111110110111111111111001111111111111	0.6800770457282796
211	0000000000000000000000000000000000000000000000000000000000000000000000000000000000000000000000000000	0
212	1111111111111111111111111111111111111111111111111111111111111111111111111111111111111111111111111111	0
213	1111111111111111111111111111111111111111111111111111111111111111111111111111111111111111111111111111	0
214	1111111111111111111111111111111111111111111111111111111111111111111111111111111111111111111111111111	0
215	1111111111111111111111111111111111111111111111111111111111111111111111111111111111111111111111111111	0
216	0000000000000000000000000000000000000000000000000000000000000000000000000000000000000000000000000000	0
217	0000000000000000000000000000000000000000000000000000000000000000000000000000000000000000000000000000	0
218	1111111111111111111111111111111111111111111111111111111111111111111111111111111111111111111111111111	0
219	0000000000000000000000000000000000000000000000000000000000000000000000000000000000000000000000000000	0
220	1111111111111111111111111111111111111111111111111111111111111111111111111111111111111111111111111111	0
221	0000000000000000000000000000000000000000000000000000000000000000000000000000000000000000000000000000	0
222	0000000000000000000000000000000000000000000000000000000000000000000000000000000000000000000000000000	0
223	1111111111111111111111111111111111111111111111111111111111111111111111111111111111111111111111111111	0
224	0000000000000000000000000000000000000000000000000000000000000000000000000000000000000000000000000000	0
225	1111111111111111111111111111111111111111111111111111111111111111111111111111111111111111111111111111	0
226	0000110000000001010001100010000010100111100100000011101100011000010000001010111001000110110010010000	0.9248187049730303
227	1111111111111111111111111111111111111111111111111111111111111111111111111111111111111111111111111111	0
228	0000000000000000000000000000000000000000000000000000000000000000000000000000000000000000000000000000	0
229	0000000000000000000000000000000000000000000000000000000000000000000000000000000000000000000000000000	0
230	0000000000000000000000000000000000000000000000000000000000000000000000000000000000000000000000000000	0
231	0000000000000000000000000000000000000000000000000000000000000000000000000000000000000000000000000000	0
232	1111111111111111111111111111111111111111111111111111111111111111111111111111111111111111111111111111	0
233	0000000000000000000000000000000000000000000000000000000000000000000000000000000000000000000000000000	0
234	0000000000000000000000000000001000000000000000000000000000000000000000000000000000000000000000000000	0.0807931358959113
235	0000000000000000000000000000000000000000000000000000000000000000000000000000000000000000000000000000	0
236	1111111111111111111111111111111111111111111111111111111111111111111111111111111111111111111111111111	0
237	1111111111111111111111111111111111111111111111111111111111111111111111111111111111111111111111111111	0
238	0000000000000000000000000000000000000000000000000000000000000000000000000000000000000000000000000000	0
239	0000000000000000000000000000000000000000000000000000000000000000000000000000000000000000000000000000	0
240	1111011111111111111111111111111111111111111111011111111111111111111111110111111111111111111111111111	0.19439185783157686
241	1111111111111111111111111111111111111111111111111111111111111111111111111111111111111111111111111111	0
242	0000000000000000000000000000000000000000000000000000000000000000000000000000000000000000000000000000	0
243	0000000000000000000000000000000000000000000000000000000000000000000000000000000000000000000000000000	0
244	1011111000000001010100000011000000000100001000000001100101111011001000100001011000000100001100000101	0.9043814577244937
245	0000000000000000000000000000000000000000000000000000000000000000000000000000000000000000000000000000	0
246	0000000000000000000000000000000000000000000000000000000000000000000000000000000000000000000000000000	0
247	0111111111110011110111111100110111001111011111111101111111101111111111011111111111111111111011100111	0.6343095546405664
248	0000000000000000000000000000000000000000000000000000000000000000000000000000000000000000000000000000	0
249	0000000000000000000000000000000000000000000000000000000000000000000000000000000000000000000000000000	0
250	1111111111111111111111111111111111111111111111111111111111111111111111111111111111111111111111111111	0
251	0000000000000000000000000000000000000000000000000000000000000000000000000000000000000000000000000000	0
252	1111111111111111111111111111111111111111111111111111111111111111111111111111111111111111111111111111	0
253	0000000000000000000000000000000000000000000000000000000000000000000000000000000000000000000000000000	0
254	0000000000000000000000000000000000000000000000000000000000000000000000000000000000000000000000000000	0
255	1111111111111111111111111111111111111111111111111111111111111111111111111111111111111111111111111111	0
256	1101111110111111111111111111111111111111111111111111111111111111111111111111111101111111111111111111	0.19439185783157686
257	0000111111011010100011010100110011001010110010110100011111100111010111011110110100111100111011000111	0.9814538950336544
258	0000000000000000000000000000000000000000000000000000000000000000000000000000000000000000000000000000	0
259	0000000000000000000000000000000000000000000000000000000000000000000000000000000000000000000000000000	0
260	1111111111111111111111111111111111111111111111111111111111111111111111111111111111111111111111111111	0
261	0000000000000000000000000000000000000000000000000000000000000000000000000000000000000000000000000000	0
262	0001010010010001111010110110000000101111100000010010101100000011101111011010011001010110101010100011	0.995378438820226
263	1111111111111111111111111111111111111111111111111111111111111111111111111111111111111111111111111111	0
264	1111111111111111111111111111111111111111111111111111111111111111111111111111111111111111111111111111	0
265	1111111111111111111111111111111111111111111111111111111111111111111111111111111111111111111111111111	0
266	0000000000000000000000000000000000000000000000000000000000000000000000000000000000000000000000000000	0
267	1111111111111111111111111111111111111111111111111111111111111111111111111111111111111111111111111111	0
268	1111111111111111111111111111111111111111111111111111111111111111111111111111111111111111111111111111	0
269	0000000000000000000000000000000000000000000000000000000000000000000000000000000000000000000000000000	0
270	0000000000000000000000000000000000000000000000000000000000000000000000000000000000000000000000000000	0
271	1111111111111111111111111111111111111111111111111111111111111111111111111111111111111111111111111111	0
272	1111111111111111111111111111111111111111111111111111111111111111111111111111111111111111111111111111	0
273	0010001000110010110000101011000010111110110100011010100110000111101000110000100100010000001100111000	0.9765004687578243
274	0000000000000000000000000000000000000000000000000000000000000000000000000000000000000000000000000000	0
275	1111111111111111111111111111111111111111111111111111111111111111111111111111111111111111111111111111	0
276	1111111111111111111111111111111111111111111111111111111111111111111111111111111111111111111111111111	0
277	0000000000000000000000000000000000000000000000000000000000000000000000000000000000000000000000000000	0
278	0000000000000000000000000000000000000000000000000000000000000000000000000000000000000000000000000000	0
279	1111111111111111111111111111111111111111111111111111111111111111111111111111111111111111111111111111	0
280	1111111111111111111111111111111111111111111111111111111111111111111111111111111111111111111111111111	0
281	1001010101100110011111100101111001101111101110111010101110000011100111011111111111100010100011010011	0.9580420222262989
282	1111111111111111111111111111111111111111111111111111111111111111111111111111111111111111111111111111	0
283	0000000000000000000000000000000000000000000000000000000000000000000000000000000000000000000000000000	0
284	1010010111001010000111011000100010110001001110101011101100111001000101110010011011101110100000001100	0.9988455359952022
285	0000000000000000000000000000000000000000000000000000000000000000000000000000000000000000000000000000	0
286	1111111111111111111111111111111111111111111111111111111111111111111111111111111111111111111111111111	0
287	1111111111111111111111111111111111111111111111111111111111111111111111111111111111111111111111111111	0
288	0000000000000000000000000000000000000000000000000000000000000000000000000000000000000000000000000000	0
289	0000000000000000000000000000000000000000000000000000000000000000000000000000000000000000000000000000	0
290	0000000000000000000000000000000000000000000000000000000000000000000000000000000000000000000000000000	0
291	0000000000000000000000000000000000000000000000000000000000000000000000000000000000000000000000000000	0
292	0000000000000000000000000000000000000000000000000000000000000000000000000000000000000000000000000000	0
293	0000000000000000000000000000000000000000000000000000000000000000000000000000000000000000000000000000	0
294	1111111111111111111111111111111111111111111111111111111111111111111111111111111111111111111111111111	0
295	1111111111111111111111111111111111111111111111111111111111111111111111111111111111111111111111111111	0
296	1111111111111111111111111111111111111111111111111111111111111111111111111111111111111111111111111111	0
297	0000000000000000000000000000000000000000000000000000000000000000000000000000000000000000000000000000	0
298	1111111111111111111111111111111111111111111111111111111111111111111111111111111111111111111111111111	0
299	1111111111111111111111111111111111111111111111111111111111111111111111111111111111111111111111111111	0
300	0000000000000000000000000000000000000000000000000000000000000000000000000000000000000000000000000000	0
301	0000000000000000000000000000000000000000000000000000000000000000000000000000000000000000000000000000	0
302	1111111111111111111111111111111111111111111111111111111111111111111111111111111111111111111111111111	0
303	1111111111111111111111111111111111111111111111111111111111111111111111111111111111111111111111111111	0
304	0000000000000000000000000000000000000000000000000000000000000000000000000000000000000000000000000000	0
305	0000000000000000000000000000000000000000000000000000000000000000000000000000000000000000000000000000	0
306	1111111111111111111111111111111111111111111111111111111111111111111111111111111111111111111111111111	0
307	1111111111111111111111111111111111111111111111111111111111111111111111111111111111111111111111111111	0
308	1111111111111111111111111111111111111111111111111111111111111111111111111111111111111111111111111111	0
309	1111001101101001101101001010101111111110111011111110010011110110101011010101000001110011001101011111	0.950672092687066
310	1111111111111111111111111111111111111111111111111111111111111111111111111111111111111111111111111111	0
311	0000000000000000000000000000000000000000000000000000000000000000000000000000000000000000000000000000	0
312	1111111111111111111111111111111111111111111111111111111111111111111111111111111111111111111111111111	0
313	1111111111111111111111111111111111111111111111111111111111111111111111111111111111111111111111111111	0
314	0000000000000000000000000000000000000000000000000000000000000000000000000000000000000000000000000000	0
315	1111111111111111111111111111111111111111111111111111111111111111111111111111111111111111111111111111	0
316	1111111111111111111111111111111111111111111111111111111111111111111111111111111111111111111111111111	0
317	1111111111111111111111111111111111111111111111111111111111111111111111111111111111111111111111111111	0
318	1000010010101111100010001111000111010001100011000100101110000011111010110110011010000110100100000001	0.992774453987809
319	0000000000000000000000000000000000000000000000000000000000000000000000000000000000000000000000000000	0
320	0000000000000000000000000000000000000000000000000000000000000000000000000000000000000000000000000000	0
321	0000000000000000000000000000000000000000000000000000000000000000000000000000000000000000000000000000	0
322	0000000000000000000000000000000000000000000000000000000000000000000000000000000000000000000000000000	0
323	0000000000000000000000000000000000000000000000000000000000000000000000000000000000000000000000000000	0
324	1101011101010100001101100010010000000001111001111111101011111110011100000101111010111000111100000101	0.9974015885677394
325	0100000000000000000000000000000000000000000000000100000000000000000000000000000000000000000000000000	0.1414405425418206
326	1111111111111111111111111111111111111111111111111111111111111111111111111111111111111111111111111111	0
327	1111111111111111111111111111111111111111111111111111111111111111111111111111111111111111111111111111	0
328	1111111111111111111111111111111111111111111111111111111111111111111111111111111111111111111111111111	0
329	0000000000000000000000000000000000000000000000000000000000000000000000000000000000000000000000000000	0
330	1000000000000001000001000001100001000101000010000001000000000010000000000001000110100000000000011100	0.6800770457282796
331	0000000000000000000000000000000000000000000000000000000000000000000000000000000000000000000000000000	0
332	1111111111111111111111111111111111111111111111111111111111111111111111111111111111111111111111111111	0
333	0000000000000000000000000000000000000000000000000000000000000000000000000000000000000000000000000000	0
334	1111111111111111111111111111111111111111111111111111111111111111111111111111111111111111111111111111	0
335	0000000000000000000000000000000000000000000000000000000000000000000000000000000000000000000000000000	0
336	0000000000000000000000000000000000000000000000000000000000000000000000000000000000000000000000000000	0
337	1111111111111111111111111111111111111111111111111111111111111111111111111111111111111111111111111111	0
338	1111111111111111111111111111111111111111111111111111111111111111111111111111111111111111111111111111	0
339	0000000000000000000000000000000000000000000000000000000000000000000000000000000000000000000000000000	0
340	1111111111111111111111111111111111111111111111111111111111111111111111111111111111111111111111111111	0
341	0000000000000000000000000000000000000000000000000000000000000000000000000000000000000000000000000000	0
342	1111111111111111111111111111111111111111111111111111111111111111111111111111111111111111111111111111	0
343	0000000000000000000000000000000000000000000000000000000000000000000000000000000000000000000000000000	0
344	0000000000000000000000000000000000000000000000000100010000000000000100100000000000000000000000000000	0.24229218908241457
345	0000000000000000000000000000000000000000000000000000000000000000000000000000000000000000000000000000	0
346	1111111111111111111111111111111111111111111111111111111111111111111111111111111111111111111111111111	0
347	1111111111111111111111111111111111111111111111111111111111111111111111111111111111111111111111111111	0
348	0000000000000000000000000000000000000000000000000000000000000000000000000000000000000000000000000000	0
349	1111111111111111111111111111111111111111111111111111111111111111111111111111111111111111111111111111	0
350	0000000000000000000000000000000000000000000000000000000000000000000000000000000000000000000000000000	0
351	1111111111111111111111111111111111111111111111111111111111111111111111111111111111111111111111111111	0
352	0000000000000000000000000000000000000000000000000000000000000000000000000000000000000000000000000000	0
353	1111111111111111111111111111111111111111111111111111111111111111111111111111111111111111111111111111	0
354	1111111111111111111111111111111111111111111111111111111111111111111111111111111111111111111111111111	0
355	0001000100100010000000100000100000000010100011111100000010000010010101000010000000000100010001100000	0.7950402793845219
356	0000000000000000000000000000000000000000000000000000000000000000000000000000000000000000000000000000	0
357	1111111111111111111111111111111111111111111111111111111111111111111111111111111111111111111111111111	0
358	1111111111111111111111111111111111111111111111111111111111111111111111111111111111111111111111111111	0
359	1111111111111111111111111111111111111111111111111111111111111111111111111111111111111111111111111111	0
360	1111111111111111111111111111111111111111111111111111111111111111111111111111111111111111111111111111	0
361	1111111111111111111111111111111111111111111111111111111111111111111111111111111111111111111111111111	0
362	0100000000011101000000010011010010010010000000000100011100000010000000101110101001101000000000100010	0.8554508105601313
363	0000000000000000000000000000000000000000000000000000000000000000000000000000000000000000000000000000	0
364	1111111111111111111111111111111111111111111111111011111111111111111111111111111111110111111111111111	0.1414405425418206
365	0000000000000000000000000000000000000000000000000000000000000000000000000000000000000000000000000000	0
366	1111111111111111111110111111111111111111111111101111101111111111111111111111111111111111111111111111	0.19439185783157686
367	1111111111111111111111111111111111111111111111111111111111111111111111111111111111111111111111111111	0
368	0000000000000000000000000000000000000000000000000000000000000000000000000000000000000000000000000000	0
369	0000000000000000000000000000000000000000000000000000000000000000000000000000000000000000000000000000	0
370	0000000000000000000000000000000000000000000000000000000000000000000000000000000000000000000000000000	0
371	0000000000000000000000000000000000000000000000000000000000000000000000000000000000000000000000000000	0
372	0000000000000000000000000000000000000000000000000000000000000000000000000000000000000000000000000000	0
373	0000000000000000000000000000000000000000000000000000000000000000000000000000000000000000000000000000	0
374	0000000000000000000000000000000000000000000000000000000000000000000000000000000000000000000000000000	0
375	0000000000000000000000000000000000000000000000000000000000000000000000000000000000000000000000000000	0
376	1111111111111111111111111111111111111111111111111111111111111111111111111111111111111111111111111111	0
377	1111111111111111111111111111111111111111111111111111111111111111111111111111111111111111111111111111	0
378	0000000000000000000000000000000000000000000000000000000000000000000000000000000000000000000000000000	0
379	0000000000000000000000000000000000000000000000000000000000000000000000000000000000000000000000000000	0
380	0000010000000001000100000000000100010000000000000000001000000010000000000000001000000101000000000000	0.46899559358928133
381	0000000000000000000000000000000000000000000000000000000000000000000000000000000000000000000000000000	0
382	1111111111111111111111111111111111111111111111111111111111111111111111111111111111111111111111111111	0
383	0000000000000000000000000000000000000000000000000000000000000000000000000000000000000000000000000000	0
384	0000000000000000000000000000000000000000000000000000000000000000000000000000000000000000000000000000	0
385	1111101111111111111111110111111111111111111111111111110111111111111111111111101111111111111111111111	0.24229218908241457
386	1111111111111111111111111111111111111111111111111111111111111111111111111111111111111111111111111111	0
387	1111111111111111111111111111111111111111111111111111111111111111111111111111111111111111111111111111	0
388	0000000000000000000000000000000000000000000000000000000000000000000000000000000000000000000000000000	0
389	1111111111111111111111111111111111111111111111111111111111111111111111111111111111111111111111111111	0
390	1111111111111111111111111111111111111111111111111111111111111111111111111111111111111111111111111111	0
391	1111111111111111111111111111111111111111111111111111111111111111111111111111111111111111111111111111	0
392	0000000000000000000000000000000000000000000000000000000000000000000000000100000000000000000000000000	0.0807931358959113
393	0000000000000000000000000000000000000000000000000000000000000000000000000000000000000000000000000000	0
394	1111111111111111111111111111111111111111111111111111111111111111111111111111111111111111111111111111	0
395	1111111111111111111111111111111111111111111111111111111111111111111111111111111111111111111111111111	0
396	1111111111111111111111111111111111111111111111111111111111111111111111111111111111111111111111111111	0
397	1111111111111111111111111111111111111111111111111111111111111111111111111111111111111111111111111111	0
398	0000000000000000000000000000000000000000000000000000000000000000000000000000000000000000000000000000	0
399	1111111111111111111111111111111111111111111111111111111111111111111111111111111111111111111111111111	0
400	0000000000000000000000000000000000000000000000000000000000000000000000000000000000000000000000000000	0
401	0000000000000000000000000000000000000000000000000000000000000000000000000000000000000000000000000000	0
402	1111111111111111111111111111111111111111111111111111111111111111111111111111111111111111111111111111	0
403	0000000000000000000000000000000000000000000000000000000000000000000000000000000000000000000000000000	0
404	1111111111111111111111111111111111111111111111111111111111111111111111111111111111111111111111111111	0
405	1111111111111111111111111111111111111111111111111111111111111111111111111111111111111111111111111111	0
406	0000000000000000000000000000000000000000000000000000000000000000000000000000000000000000000000000000	0
407	1111111111111111111111111111111111111111111111111111111111111111111111111111111111111111111111111111	0
408	1111111111111111111111111111111111111111111111111111111111111111111111111111111111111111111111111111	0
409	0000000000000000000000000000000000000000000000000000000000000000000000000000000000000000000000000000	0
410	0000000000000000000000000000000000000000000000000000000000000000000000000000000000000000000000000000	0
411	1111111111111111111111111111111111111111111111111111111111111111111111111111111111111111111111111111	0
412	0000000000000000000000000000000000000000000000000000000000000000000000000000000000000000000000000000	0
413	1111111111111111111111111111111111111111111111111111111111111111111111111111111111111111111111111111	0
414	0000000000000000000000000000000000000000000000000000000000000000000000000000000000000000000000000000	0
415	1111111111111111111111111111111111111111111111111111111111111111111111111111111111111111111111111111	0
416	1111111111111111111111111111111111111111111111111111111111111111111111111111111111111111111111111111	0
417	1111111111111111111111111111111111111111111111111111111111111111111111111111111111111111111111111111	0
418	1111111111111111111111111111111111111111111111111111111111111111111111111111111111111111111111111111	0
419	1111111111111111111111111111111111111111111111111111111111111111111111111111111111111111111111111111	0
420	0000000000000000000000000000000000000000000000000000000000000000000000000000000000000000000000000000	0
421	0000000000000000000000000000000000000000000000000000000000000000000000000000000000000000000000000000	0
422	0011110110000111001101100101111101110101001011110000000100011010110001011010010100101111110011100100	0.9988455359952022
423	1111111111111111111111111111111111111111111111111111111111111111111111111111111111111111111111111111	0
424	1111111111111111111111111111111111111111111111111111111111111111111111111111111111111111111111111111	0
425	0000000000000000000000000000000000000000000000000000000000000000000000000000000000000000000000000000	0
426	0000000000000000000000000000000000000000000000000000000000000000000000000000000000000000000000000000	0
427	0000000000000000000000000000000000000000000000000000000000000000000000000000000000000000000000000000	0
428	1111111111111111111111111111111111111111111111111111111111111111111111111111111111111111111111111111	0
429	1111111111111111111111111111111111111111111111111111111111111111111111111111111111111111111111111111	0
430	0000000000000000000000000000000000000000000000000000000000000000000000000000000000000000000000000000	0
431	0000000000000000000000000000000000000000000000000000000000000000000000000000000000000000000000000000	0
432	0000000000000000000000000000000000000000000000000000000000000000000000000000000000000000000000000000	0
433	1111111111111111111111111111111111111111111111111111111111111111111111111111111111111111111111111111	0
434	1111111111111111111111111111111111111111111111111111111111111111111111111111111111111111111111111111	0
435	1111111111111111111111111111111111111111111111111111111111111111111111111111111111111111111111111111	0
436	1111111111111111111111111111111111111111111111111111111111111111111111111111111111111111111111111111	0
437	1111111111111111111111111111111111111111111111111111111111111111111111111111111111111111111111111111	0
438	1111111111111111111111111111111111111111111111111111111111111111111111111111111111111111111111111111	0
439	0000000000000000000000000000000000000000000000000000000000000000000000000000000000000000000000000000	0
440	0000000000000000000000000000000000000000000000000000000000000000000000000000000000000000000000000000	0
441	1111111111111111111111111111111111111111111111111111111111111111111111111111111111111111111111111111	0
442	0000000000000000000000000000000000000000000000000000000000000000000000000000000000000000000000000000	0
443	1111111111111111111111111111111111111111111111111111111111111111111111111111111111111111111111111111	0
444	1111111111111111111111111111111111111111111111111111111111111111111111111111111111111111111111111111	0
445	0000000000000000000000000000000000000000000000000000000000000000000000000000000000000000000000000000	0
446	0000000000000000000000000000000000000000000000000000000000000000000000000000000000000000000000000000	0
447	0000000000000000000000000000000000000000000000000000000000000000000000000000000000000000000000000000	0
448	1111111111111111111111111111111111111111111111111111111111111111111111111111111111111111111111111111	0
449	0000000000000000000000000000000000000000000000000000000000000000000000000000000000000000000000000000	0
450	0000000000000000000000000000000000000000000000000000000000000000000000000000000000000000000000000000	0
451	1111111111111111111111111111111111111111111111111111111111111111111111111111111111111111111111111111	0
452	0000000000000000000000000000000000000000000000000000000000000000000000000000000000000000000000000000	0
453	1111111111111111111111111111111111111111111111111111111111111111111111111111111111111111111111111111	0
454	0000000010000000000000000000000000010000000000000000000000000010000000010000000000000100000000000000	0.28639695711595614
455	1111111111111111111111111111111111111111111111111111111111111111111111111111111111111111111111111111	0
456	1001110110111101111100011111001101100111100111000011111101101010110101111110111110011110111001010001	0.9340680553754916
457	1111111111111111111111111111111111111111111111111111111111111111111111111111111111111111111111111111	0
458	0000000000000000000000000000000000000000000000000000000000000000000000000000000000000000000000000000	0
459	0000000000000000000000000000000000000000000000000000000000000000000000000000000000000000000000000000	0
460	0000000000000000000000000000000000000000000000000000000000000000000000000000000000000000000000000000	0
461	0000000000000000000000000000000000000000000000000000000000000000000000000000000000000000000000000000	0
462	1111111111111111111111111111111111111111111111111111111111111111111111111111111111111111111111111111	0
463	1111111111111111111111111111111111111111111111111111111111111111111111111111111111111111111111111111	0
464	0000000000000000000000000000000000000000000000000000000000000000000000000000000000000000000000000000	0
465	0000000000000000000000000000000000000000000000000000000000000000000000000000000000000000000000000000	0
466	0000000000000000000000000000000000000000000000000000000000000000000000000000000000000000000000000000	0
467	1111111111111111111111111111111111111111111111111111111111111111111111111111111111111111111111111111	0
468	1111111111111111111111111111111111111111111111111111111111111111111111111111111111111111111111111111	0
469	1111110111111111111111111111111111110111101111111111111111111111111111111111111111111111110111111111	0.24229218908241457
470	1111111111111111111111111111111111111111111111111111111111111111111111111111111111111111111111111111	0
471	1010110101100001111001100001100000110101100110110001111111001011000010111010111100010111100000110101	0.9988455359952022
472	0000000000000000000000000000000000000000000000000000000000000000000000000000000000000000000000000000	0
473	0000000000000000000000000000000000000000000000000000000000000000000000000000000000000000000000000000	0
474	1111111111111111111111111111111111111111111111111111111111111111111111111111111111111111111111111111	0
475	1111111111111111111111111111111111111111111111111111111111111111111111111111111111111111111111111111	0
476	0000000000000000000000000000000000000000000000000000000000000000000000000000000000000000000000000000	0
477	0000000000000000000000000000000000000000000000000000000000000000000000000000000000000000000000000000	0
478	0000000000000000000000000000000000000000000000000000000000000000000000000000000000000000000000000000	0
479	0000000000000000000000000000000000000000000000000000000000000000000000000000000000000000000000000000	0
480	0011111111111011101010110111101101111010101011011010111110111101010011011111111001110011101111111111	0.8414646362081761
481	1111111111111111111111111111111111111111111111111111111111111111111111111111111111111111111111111111	0
482	0000000000000000000000000000000000000000000000000000000000000000000000000000000000000000000000000000	0
483	0000000000000000000000000000000000000000000000000000000000000000000000000000000000000000000000000000	0
484	0000000000000000000000000000000000000000000000000000000000000000000000000000000000000000000000000000	0
485	1111111111111111111111111111111111111111111111111111111111111111111111111111111111111111111111111111	0
486	0000000000000000000000000000000000000000000000000000000000000000000000000000000000000000000000000000	0
487	0000000000000000000000000000000000000000000000000000000000000000000000000000000000000000000000000000	0
488	0000000000000000000000000000000000000000000000000000000000000000000000000000000000000000000000000000	0
489	0000000000000000000000000000000000000000000000000000000000000000000000000000000000000000000000000000	0
490	0000000000000000000000000000000000000000000000000000000000000000000000000000000000000000000000000000	0
491	0000000000000000000000000000000000000000000000000000000000000000000000000000000000000000000000000000	0
492	0000000000000000000000000000000000000000000000000000000000000000000000000000000000000000000000000000	0
493	1111111111111111111111111111111111111111111111111111111111111111111111111111111111111111111111111111	0
494	1111111111111111111111111111111111111111111111111111111111111111111111111111111111111111111111111111	0
495	1111111111111111111111111111111111111111111111111111111111111111111111111111111111111111111111111111	0
496	0000000000000000000000000000000000000000000000000000000000000000000000000000000000000000000000000000	0
497	1111111111111111111111111111111111111111111111111111111111111111111111111111111111111111111111111111	0
498	0000000000000000000000000000000000000000000000000000000000000000000000000000000000000000000000000000	0
499	1111111111111111111111111111111111111111111111111111111111111111111111111111111111111111111111111111	0
500	0000000000000001000000000000001100000000000001000000000001000000100000000000000000000000000000010000	0.36592365090022305
501	1111111111111111111111111111111111111111111111111111111111111111111111111111111111111111111111111111	0
502	1111111111111111111111111111111111111111111111111111111111111111111111111111111111111111111111111111	0
503	0000000000000000000000000000000000000000000000000000000000000000000000000000000000000000000000000000	0
504	0000000000000000000000000000000000000000000000000000000000000000000000000000000000000000000000000000	0
505	1111111111111111111111111111111111111111111111111111111111111111111111111111111111111111111111111111	0
506	0000000000000000000000000000000000000000000000000000000000000000000000000000000000000000000000000000	0
507	1111111111111111111111111111111111111111111111111111111111111111111111111111111111111111111111111111	0
508	1111111111111111111111111111111111111111111111111111111111111111111111111111111111111111111111111111	0
509	0000000000000000000000000000000000000000000000000000000000000000000000000000000000000000000000000000	0
510	1111111111111111111111111111111111111111111111111111111111111111111111111111111111111111111111111111	0
511	0000000000000000000000000000000000000000000000000000000000000000000000000000000000000000000000000000	0
512	1111111111111111111111111111111111111111111111111111111111111111111111111111111111111111111111111111	0
513	0000000000000000000000000000000000000000000000000000000000000000000000000000000000000000000000000000	0
514	1011111111110111011101111111011110111111011011111011100111111111111011101111101101011110011111111111	0.6800770457282796
515	1111111111111111111111111111111111111111111111111111111111111111111111111111111111111111111111111111	0
516	0000000000000000000000000000000000000000000000000000000000000000000000000000000000000000000000000000	0
517	1111111111111111111111111111111111111111111111111111111111111111111111111111111111111111111111111111	0
518	1111011001101011111111110100101010101111011110111111111110110000101011100001011111111001101011011111	0.8931734583778566
519	0000000000000000000000000000000000000000000000000000000000000000000000000000000000000000000000000000	0
520	0000000000000000000000000000000000000000000000000000000000000000000000000000000000000000000000000000	0
521	1111111111111111111111111111111111111111111111111111111111111111111111111111111111111111111111111111	0
522	0000000000000000000000000000000000000000000000000000000000000000000000000000000000000000000000000000	0
523	0000000000000000000000000000000000000000000000000000000000000000000000000000000000000000000000000000	0
524	1111111111111111111111111111111111111111111111111111111111111111111111111111111111111111111111111111	0
525	0000000000000000000000000000000000000000000000000000000000000000000000000000000000000000000000000000	0
526	0000000000000000000000000000000000000000000000000000000000000000000000000000000000000000000000000000	0
527	1111111111111111111111111111111111111111111111111111111111111111111111111111111111111111111111111111	0
528	0000000000000000000000000000000000000000000000000000000000000000000000000000000000000000000000000000	0
529	0000000000000000000000000000000000000000000000000000000000000000000000000000000000000000000000000000	0
530	0000000000000000000000000000000000000000000000000000000000000000000000000000000000000000000000000000	0
531	0000000000000000000000000000000000000000000000000000000000000000000000000000000000000000000000000000	0
532	1111111111111111111111111111111111111111111111111111111111111111111111111111111111111111111111111111	0
533	1111111111111111111111111111111111111111111111111111111111111111111111111111111111111111111111111111	0
534	1111111111111111111111111111111111111111111111111111111111111111111111111111111111111111111111111111	0
535	0000000000000000000000000000000000000100000000000000000000000000000000000000000000000000000000000000	0.0807931358959113
536	0000000000000000000000000000000000000000000000000000000000000000000000000000000000000000000000000000	0
537	1111111111111111111111111111111111111111111111111111111111111111111111111111111111111111111111111111	0
538	1111111111111111111111111111111111111111111111111111111111111111111111111111111111111111111111111111	0
539	0000000000000000000000000000000000000000000000000000000000000000000000000000000000000000000000000000	0
540	1111111111111111111111111111111111111111111111111111111111111111111111111111111111111111111111111111	0
541	0000000000000000000000000000000000000000000000000000000000000000000000000000000000000000000000000000	0
542	1111111111111111111111111111111111111111111111111111111111111111111111111111111111111111111111111111	0
543	0000000000000000000000000000000000000000000000000000000000000000000000000000000000000000000000000000	0
544	1111111111011111111111111011111111111111111111111111111111111111011111111111111111111111111111111111	0.19439185783157686
545	1111111111111111111111111111111111111111111111111111111111111111111111111111111111111111111111111111	0
546	1111111111111111111111111111111111111111111111111111111111111111111111111111111111111111111111111111	0
547	0000000000000000000000000000000000000000000000000000000000000000000000000000000000000000000000000000	0
548	1111111111111111111111111111111111111111111111111111111111111111111111111111111111111111111111111111	0
549	0000000000000000000000000000000000000000000000000000000000000000000000000000000000100000000000000000	0.0807931358959113
550	0000000000000000000000000000000000000000000000000000000000000000000000000000000000000000000000000000	0
551	0000000000000000000000000000000000000000000000000000000000000000000000000000000000000000000000000000	0
552	1111111111111111111111111111111111111111111111111111111111111111111111111111111111111111111111111111	0
553	0000000000000000000000000000000000000000000000000000000000000000000000000000000000000000000000000000	0
554	0000000000000000000000000000000000000000000000000000000000000000000000000000000000000000000000000000	0
555	0000000000000000000000000000000000000000000000000000000000000000000000000000000000000000000000000000	0
