4	1001111110001101000111110011100101011111101110010010101000101000110101001111111011110101000000110110	0.989587521222056	56
4	0000000000000000000000000000000000000000000000000000000000000000000000000000000000000000000000000000	0	0
4	1111111111111111111111111111101110101111110101111111111111111111111111111111111111011011111110111111	0.4021791902022729	92
4	1111111111111111111111111111111111111111111111111111111111111111111111111111111111111111111111111111	0	100
4	1111111011111101111111111111111111110111101111111111110111111101111111111111111111111111111111111111	0.3274449191544768	94
4	1111111111111111111011111111111111011011111111111111011111111111111111111111111111111111111111101111	0.28639695711595614	95
4	0000000000000000000000000000000000000000001000001000010000000010000000000000000000000000000000000000	0.24229218908241457	4
4	1111111111111111111111111111111111111111111111111111111111111111111111111111111111111111111111111111	0	100
4	0000000000000000000000000000000000000000000000000000000000000000000000000000000000000000000000000000	0	0
4	1111111111111101111111111111111111111111111111111111111111111111101111111111111111111111111111111111	0.1414405425418206	98
4	1111111111111111111111111110111111101111111111111110111111111111111111111111111111111111111111111111	0.19439185783157686	97
