5	0000000000000000000000000000000000000000000000000000000000000000000000000000000000000000000000000000	0	0
5	1111111111111111111111111111111111111111111111111111111111111111111111111111111111111111111111111111	0	100
5	0000001000000000000000000000100000010000000000000000000000000000000000000000000000001000000000010000	0.28639695711595614	5
5	0000000000000000100000000000000000000000000000000000010000000000000000000000000100000000000000000000	0.19439185783157686	3
5	0000100000000000010000000000010000000000000000000000101100000000000000001000100000000000010000100000	0.46899559358928133	10
5	1111111111111111111111111111111111111111111111111111111111111111111111111111111111111111111111111111	0	100
5	0000000000000000000000000000000000000000000000000000000000000000000000000000000000000000000000000000	0	0
5	0000000000000000000000000000000000000000000000000000000000000000000000000000000000000000000000000000	0	0
5	0000000000000000000000000000000000000000000000000000000000000000000000000000000000000000000000000000	0	0
5	1001111101110011111111110101111100111111100101111010111100111111110110001010111111011100111111110111	0.8267463724926172	74
5	1011111111111111111111111111111111111111111111111111111111111011111111111111111111111111111111111111	0.1414405425418206	98
