8	1111111111111111111111111111111111111111111111111111111111111111111111111111111111111111111111111111	0	100
8	0010000001010000100000000000001000000000100010000100000010000000010101000111000000010010000010001010	0.721928094887363	20
8	0000000000000000000000000000000000000000000000000000000000000000000000000000000000000000000000000000	0	0
8	0000000010011010100001001010000101001010101000000000000000000100110000001110000000000000010000001100	0.7780113035465375	23
8	1111111111111111111111111111111111111111111111111111111111111111111111111111111111111111111111111111	0	100
8	0000000000000000000000000000000000000000000000000000000000000000000000000000000000000000000000000000	0	0
8	1111111111111111111111111111111111111111111111111111111111111111111111111111111111111111111111111111	0	100
8	0000000000000000000000000000000000000000000000000000000000000000000000000000000000000000000000000000	0	0
8	0010100011111101001000011011000110110111110010001011100110010011110110110011111011001110110110110011	0.98581503717892	57
8	1010010011111111100100000010001111101000110010000100001001000111010010110111111000110011100011001011	0.9997114417528099	49
8	1111111111111111111111111111111111111111111111111111111111111111111111111111111111111111111111111111	0	100
