7	1110110101101011011111001010111111111011110111001110111101100101111101111111111101111011111100101111	0.8112781244591334	75
7	1110111111111111111111111111111111111111111111111101111111111111111010101111101110111101001111011100	0.5574381850279879	87
7	0000000000000000000000100000000000000001000000000000000000000000000000000000000000000000000000000000	0.1414405425418206	2
7	1111110111101111111111111111111111110111101111111111111111111111111111111111111111111111111011111111	0.28639695711595614	95
7	1111111111111111111111111111101111111111111111111111111111111111111111111111111111111111111111111111	0.0807931358959113	99
7	0000000000000000000000000000000000000000000000000000000000000000000000000000000000000000000000000000	0	0
7	0000000000000000000000000000000000000000000000000000000000000000000000000000000000000000000000000000	0	0
7	1111111111111111111111111111111111111111111111111111111111111111111111111111111111111111111111111111	0	100
7	1101101111111110111111111111111111011111111111111111111111110111111111111111110111111111111111111111	0.3274449191544768	94
7	0000000000000000000000000000000000000000000000000000000000000000000000000000000000000000000000000000	0	0
7	0000000000000000000000000000000000000000000000000000000000000000000000000000000000000000000000000000	0	0
