3	1111111111111111111111111111111111111111111111111111111111111111111111111111111111111111111111111111	0	100
3	0001001000010100000100000110010000000110000000001000000000000010100000000000000000001000010100010000	0.6577047787442201	17
3	0100000000000000000000000000010000000000000000000101000000000010000000000000000000000000000000000000	0.28639695711595614	5
3	0000100000000000000000000000000000000000000000000000000000000000000000000000000000000000000000100000	0.1414405425418206	2
3	1111111111111111111111111111111111111111111111111111111111111111111111111111111111111111111111111111	0	100
3	0000000000000000000000000000000000000000000000000000000000000000000000000000000000000000000000100000	0.0807931358959113	1
3	1111111111111111111111111111111111111111111111111111111111111111111111111111111111111111111111111111	0	100
3	1111111111111111111111111111111111111101111111111111111111111111111111110111111111111111111110111111	0.19439185783157686	97
3	0000000000000000000000000000000000000000000000000000000000000000000000000000000000000000000000000000	0	0
3	1010111111111111111111111011111111111111111111111111111110111111111111111111111111111111111011111111	0.28639695711595614	95
3	0000000000000000000000000000001100000000000010000000000000000000100000000000000000100000000000001000	0.3274449191544768	6
