6	0000000000000000000000000000000000000000000000000000010000000000000000000000000000000000000000000000	0.0807931358959113	1
6	1111111111111111111111111111111111111111111111111111111111111111111111111111111111111111111111111111	0	100
6	0000000000000000000000000000001000110000001101010100000000000000000000000000100000000000000000001000	0.46899559358928133	10
6	0000100000000000000100000000100000000000000000101000010000001100000000000000000000000000000000000010	0.43646981706410326	9
6	1111111111111111111111111111111111111111111111111111111111111111111111111111111111111111111111111111	0	100
6	0000000000000000000000000000000000000000000000000100010000000000000000000000000000000000000000000000	0.1414405425418206	2
6	0110000000000000000000000011001000010000000001000101010000010000000000100000000000001100000000000000	0.584238811642857	14
6	1111111111111111111111111111111111111111111111111111111111111111111111111111111111111111111111111111	0	100
6	1111111111111111111111111111111111111111111111111111111111111111111111111111111111111111111111111111	0	100
6	1111111111111111111111111111111111111111111111111111111111111111111111111111111111111111111111111111	0	100
6	0000000000000000000000000000000000000000000000000000000000000000000000000000000000000000000000000000	0	0
