50000	1010001010000001010110110100000100001110001110001000100001000000000101001010000100001011100000000100	0.8931734583778566	31
50001	1011111101000000110111110101100001001110100011101100111101100101100010001011000110111101101101011110	0.989587521222056	56
50002	0000000000000000000000000000000010000000000000000100000000000000000000000000000000000000000000000000	0.1414405425418206	2
50003	1011000010000001000000111100000100000110101001001100000101100011010000000001000010010101100000010000	0.8812908992306925	30
50004	1111011111110111111110111101001101101110001111101110011101010001111111001111100110111111111100110010	0.8687212463394056	71
50005	0011110000000101000000111101000110000001000000101001000010010001000011100100000100000101001010000001	0.8812908992306925	30
50006	1010001100000000100000001000000000100010000000000111000000001000010100000000000000000101100000000100	0.6800770457282796	18
50007	1111111111111111111111111111111111111111111111111111111111111111111111111111111111111111111111111111	0	100
50008	1111111111111111111111111111111111111111111111111111111111111111111111111111111111111111111111111111	0	100
50009	0100000001100001000000000000000000000000000000000001100010101000000100100000000100000001000000100000	0.584238811642857	14
50010	0000000000000000000000100000000000000010000000000000000000100000000000000000000000000001000000000000	0.24229218908241457	4
66666	1111111111111111111111111111111111111111111111111111111111111111111110111111111111111111111111111111	0.0807931358959113	99
66667	1110111111011011110111110111001101011110101111101111111111110111111110011011100110111111111110111101	0.741482739931274	79
66668	1111111111111111111111111111111111111111111111111111111111111111111111111111111110111110111111111111	0.1414405425418206	98
