9	0000000000000000000000000000000000000000000000000000000000000000000000000000000000000000000000000000	0	0
9	0000000000000000000000000000000000000000000000000000000000000000100000000000000000000000000000000000	0.0807931358959113	1
9	1000000011000010111010110000000000000001101010010010000000101000000101001110100010100010000000100110	0.8812908992306925	30
9	0000000000000000000000000000000000000000000000000000000000000000000000000000000000000000000000000000	0	0
9	0000000000000000000000000000000000000000000000000000000000000000000000000000000000000000000000000000	0	0
9	1001011110101101011111011110101110111101111100111010001010001001111111111111011011011101111111111111	0.8554508105601313	72
9	0010000000000000000000001011001010110100000000010101000000000000101000100000001000001000001100011101	0.7780113035465375	23
9	1111111111111111111111111111111111111111111111111111111111111111111111111111111111111111111111011111	0.0807931358959113	99
9	0000000000000000000000000000000000000000000000000000000000000000000000000000000000000000000000000000	0	0
9	1110001111110010111111111101111111111110111111111111111000111100111101011110100100111001011011111100	0.8267463724926172	74
9	1001111100101101001111110101000101001101110100110010101010001000100011010101011011110011001101110101	0.995378438820226	54
