0	0000000000000000000000000000000000000000000000000000000000000000000000000000000000000000000000000000	0
1	0000000000000000000000000000000000000000000000000000000000000000000000000000000000000000000000000000	0
2	0000000000000000000000000000000000000000000000000000000000000000000000000000000000000000000000000000	0
3	0000000000000000000000000000000000000000000000000000000000000000000000000000000000000000000000000000	0
4	1111111111111111111111111111111111111111111111111111111111111111111111111111111111111111111111111111	0
5	1111111111111111111111111111111111111111111111111111111111111111111111111111111111111111111111111111	0
6	0000000000000000000000000000000000000000000000000000000000000000000000000000000000000000000000000000	0
7	0000000000000000000000000000000000000000000000000000000000000000000000000000000000000000000000000000	0
8	1111111111111111111111111111111111111111111111111111111111111111111111111111111111111111111111111111	0
9	0000000000000000000000000000000000000000000000000000000000000000000000000000000000000000000000000000	0
