2	1111111111111111111111111111111111111111111111111111111111111111111111111111111111111111111111111111	0	100
2	1010100111111111111111111111011011101111110110111111101111101111111110111111110110111111110110110011	0.6800770457282796	82
2	1111111111111111111111111111111111111111111111111111111111111111111011110111111111111111101111011111	0.24229218908241457	96
2	1111001111111011111111111111111101111111111110111111111111111111101111011111110101111111011011111011	0.529360865287364	88
2	0000000000000000000000000000000000000000000000000000000000000000000000000000000000000000000000000000	0	0
2	1101101101100000101011110100110001001101001010110001010000111000010111001101100100111010011011100110	1.0000000000000009	50
2	1111011111101101101111111110001111111111111111111110010010111101111111110101111010111111111111111111	0.6577047787442201	83
2	0100000000000000110001000000010001000010011001001000000011010110000001011000100100000000111000000010	0.8112781244591334	25
2	0100000000000010010001000000000010000000101000000010100000000000000101001101000000100000101010100010	0.721928094887363	20
2	0000101100000100000100000001000100110110000000000000000001101000100000000000100100001101000000011000	0.7601675029619663	22
2	1111111111111111111111111111111111111111111111111111111111111111111111111111111111111111111111111111	0	100
