 356635 1001001111101001100010011111001001101100101110110110000101011011
   1253 1001001111101001100010011111001001101100101110110110000101011010
    222 1001001111101001100010011111001001101100101110110100000101011011
    205 1101001111101001100010011111001001101100101110110110000101011011
     88 1101001111101001100010011111001001101100101110110110000101011010
     43 1001001111101001100010011111001001101100101110110100000101011010
     19 1001001111101001100010011111001001101100101110110110000101011001
     18 1011001111101001100010011111001001101100101110110110000101011011
     17 1111001111101001100010011111001001101100101110110110000101011011
     17 1001001111101001110010011111001001101100101110110110000101011011
      7 1001001111101001110010011111001001101100101110110110000101011001
      6 1001001111101001100010011111001001101100101110110110000101011000
      4 1011001111101001100010011111001001101100101110110110000101011001
      3 1001001111101001110010011111001001101100101110110100000101011011
      3 1001001111101001110010011111001001101100101110110010000101011011
      3 1001001111101001110010011111001001101100101110110000000101011000
      2 1111001111101001100010011111001001101100101110110110000101011000
      2 1001001111101001110010011111001001101100101110110000000101011011
      2 1001001111101001100010011111001001101100101110110010000101011011
      1 1111001111101001100010011111001001101100101110110110000101010011
      1 1111001111101001100010011111001001101100101110110110000101001001
      1 1101001111101001100010011111001001101100101110110110000101011000
      1 1011001111101001110010011111001001101100101110110110000101011001
      1 1011001111101001100010011111001001101100101110110110000101001011
      1 1001001111101001110010011111001001101100101110110110000101011000
      1 1001001111101001110010011111001001101100101110110100000101011010
      1 1001001111101001110010011111001001101100101110110010000101011001
      1 1001001111101001100010011111001001101100101110110000000101011011
      1 1001001111101001100010011111001001101100101010110100000101011011
      1 1001001111101001100010011111001000101100101110110110000101011011
