      2 0000001111101001100010011111001001001000101110110110000101011011
      3 0000001111101001100010011111001001101100101110110110000101011011
      1 0000001111101001100010011111001001101100101110110110000101111011
      2 0001001001101001100010011111001001101100101110110110000101011011
      1 0001001011000001100010011111001001101100101110110110000101011011
      1 0001001011001001100010011111001001101100101110110110000101011011
      1 0001001011100001100010011111001001101100101110110110000101011011
      4 0001001011101001100010011111001001101100101110110110000101011011
      1 0001001110001001100010011111001001101100101110110110000101011011
      7 0001001111001001100010011111001001101100101110110110000101011011
      1 0001001111101001100010011111001001001000101110110110000101011011
      5 0001001111101001100010011111001001001100101110110110000101011011
     66 0001001111101001100010011111001001101100101110110110000101011011
      1 1000001001101001100010011111001001101100101110110110000101011011
      1 1000001101101001100010011111001001101000101010110110000101011011
      1 1000001101101001100010011111001001101000101110110110000101011011
      2 1000001101101001100010011111001001101100101010110110000101011011
      1 1000001101101001100010011111001001101100101110110110000101011011
      1 1000001101101001100010011111001001101100101110110110001101011011
      1 1000001111101001100010011111001001101000101010010110000101011011
      2 1000001111101001100010011111001001101000101010110110000101011011
     18 1000001111101001100010011111001001101000101110110110000101011011
      2 1000001111101001100010011111001001101000101110110110000101111011
     32 1000001111101001100010011111001001101100101110110110000101011011
      2 1001000011101001100010011111001001101100101110110110000101011011
      9 1001000111101001100010011111001001101100101110110110000101011011
      1 1001001001100001000010011111001001101100101110110111000101011011
      1 1001001001100001100010011111001001101100101110110110000101011011
      1 1001001001101001000010011111001001101100101110110110000101011011
      1 1001001001101001100010011111001001101100101110110110000101011011
      2 1001001011100001000010011111001001101100101110110110000101011011
      8 1001001011100001100010011111001001101100101110110110000101011011
     52 1001001011101001100010011111001001101100101110110110000101011011
      9 1001001101101001000010011111001001101100101010110100000101011011
      1 1001001101101001000010011111001001101100101010110101000101011011
      2 1001001101101001000010011111001001101100101010110110000101011011
      3 1001001101101001000010011111001001101100101110110100000101011011
      1 1001001101101001000010011111001001101100101110110101000101011011
     12 1001001101101001000010011111001001101100101110110110000101011011
      1 1001001101101001000010011111001001101100101110110111000101011011
      1 1001001101101001000010011111001001101100101110110111001101011011
      1 1001001101101001100010011111001001101000101010110100000101011011
      1 1001001101101001100010011111001001101000101010110110000101011011
      2 1001001101101001100010011111001001101100101010110100000101011011
     13 1001001101101001100010011111001001101100101010110110000101011011
      1 1001001101101001100010011111001001101100101010110110001101011011
     76 1001001101101001100010011111001001101100101110110110000101011011
      1 1001001101101001100010011111101001101000101010110110000101011011
      1 1001001110001001100010010011001001101100101110110110000101011011
      2 1001001110001001100010010111001001101100101110110110000101011011
     31 1001001110001001100010011111001001101100101110110110000101011011
      1 1001001110101001100010010011001001101100101110110110000101011011
     21 1001001110101001100010010111001001101100101110110110000101011011
      1 1001001110101001100010011011001001101100101110110110000101011011
      1 1001001110101001100010011111001001101100001100110110000101011011
     38 1001001110101001100010011111001001101100101100110110000101011011
    333 1001001110101001100010011111001001101100101110110110000101011011
      1 1001001110101001100010011111001001101100111110110110000101011011
      2 1001001110101001100010111111001001101100101100110110000101011011
      6 1001001110101001100010111111001001101100101110110110000101011011
     15 1001001111000001100010011111001001101100101110110110000101011011
      1 1001001111001001100010010111001001101100101110110110000101011011
     19 1001001111001001100010011011001001101100101110110110000101011011
    311 1001001111001001100010011111001001101100101110110110000101011011
      1 1001001111001001100010011111001001101100111110110110000101011011
      1 1001001111001001100010011111001001101110101110110110000101011011
      1 1001001111001001100011011111001001101100101110110110000101011011
     18 1001001111100001000010011111001001101100101110110110000101011011
      1 1001001111100001100010011111001001101100101110110100000101011011
    164 1001001111100001100010011111001001101100101110110110000101011011
      2 1001001111100001100010011111001001101100101110110111000101011011
     10 1001001111101000000010011111001001101100101110110000000101011011
      4 1001001111101000000010011111001001101100101110110001000101011011
      2 1001001111101000000010011111001001101100101110110010000101011011
      2 1001001111101000000010011111001001101100101110110100000101011011
      1 1001001111101000000010011111001001101100101110110101000101011011
     24 1001001111101000000010011111001001101100101110110110000101011011
      2 1001001111101000000010011111001001101100101110110111000101011011
      1 1001001111101000000110011111001001101100101110110110000101011011
      1 1001001111101000010010011111001001101100101110110000000101011011
      7 1001001111101000100010011111001001101100101110110000000101011011
      1 1001001111101000100010011111001001101100101110110010000101011001
     57 1001001111101000100010011111001001101100101110110010000101011011
      1 1001001111101000100010011111001001101100101110110100000101011011
     87 1001001111101000100010011111001001101100101110110110000101011011
      1 1001001111101000100110011111001001101100101110110010100101011011
      3 1001001111101000110010011111001001101100101110110000000101011011
      3 1001001111101000110010011111001001101100101110110010000101011011
      1 1001001111101000110010011111001001101100101110110110000101011011
      1 1001001111101001000010011111001001101100101010110000000101011011
      5 1001001111101001000010011111001001101100101010110100000101011011
     11 1001001111101001000010011111001001101100101110110000000101011011
      1 1001001111101001000010011111001001101100101110110010000101011011
    128 1001001111101001000010011111001001101100101110110100000101011011
      8 1001001111101001000010011111001001101100101110110101000101011011
    395 1001001111101001000010011111001001101100101110110110000101011011
     18 1001001111101001000010011111001001101100101110110111000101011011
      2 1001001111101001010010011111001001101100101110110000000101011011
      1 1001001111101001010010011111001001101100101110110100000101011011
      2 1001001111101001100000011111001001101100101110110110000101011011
      3 1001001111101001100010010001001001101100101110110110000101011011
      1 1001001111101001100010010010001001101100101110110110000101011011
     19 1001001111101001100010010011001001101100101110110110000101011011
      1 1001001111101001100010010011001001101101101110110110000101011011
      9 1001001111101001100010010101001001101100101110110110000101011011
      1 1001001111101001100010010101001001101111101110110110000101011011
      1 1001001111101001100010010111000001101100101110110110000101011011
      1 1001001111101001100010010111000001111100101110110110000101011011
    184 1001001111101001100010010111001001101100101110110110000101011011
      1 1001001111101001100010010111001001101100101110110110010101011011
      3 1001001111101001100010010111001001101100111110110110000101011011
      2 1001001111101001100010010111001001101101101110110110000101011011
      1 1001001111101001100010010111001001111100101110110110000101011011
      1 1001001111101001100010010111001001111100101110110110100101011011
      1 1001001111101001100010011000001001101100101110110110000101011011
      6 1001001111101001100010011010001001101100101110110110000101011011
      1 1001001111101001100010011010001001101110101110110110000101011011
      1 1001001111101001100010011010001001101111101110110110000101011011
      3 1001001111101001100010011011001001101100101110110110000001011011
    137 1001001111101001100010011011001001101100101110110110000101011011
      6 1001001111101001100010011011001001101100111110110110000101011011
      1 1001001111101001100010011011001001101110101110110110000101011011
      1 1001001111101001100010011011001001101110111110110110000101011011
      4 1001001111101001100010011100001001101100101110110110000101011011
      1 1001001111101001100010011100001001101111101110110110000101011011
      1 1001001111101001100010011101001001101100101110110110000100011011
     60 1001001111101001100010011101001001101100101110110110000101011011
      8 1001001111101001100010011101001001101101101110110110000101011011
      1 1001001111101001100010011101001001101110101110110110000101011011
     30 1001001111101001100010011110001001101100101110110110000101011011
      1 1001001111101001100010011110001001101101101110110110000101011011
      6 1001001111101001100010011110001001101110101110110110000101011011
      4 1001001111101001100010011111000001101100101110110110000101001011
     27 1001001111101001100010011111000001101100101110110110000101011011
      1 1001001111101001100010011111000001111100101110110110000101011011
      2 1001001111101001100010011111001000000000101110110110000101011011
      1 1001001111101001100010011111001000000100101110110110000101011011
     10 1001001111101001100010011111001000001100101110110110000101011011
      1 1001001111101001100010011111001000100000101110110110000101011011
      2 1001001111101001100010011111001000100100001110110110000101011011
      1 1001001111101001100010011111001000100100100110110110000101011011
     10 1001001111101001100010011111001000100100101110110110000101011011
      1 1001001111101001100010011111001000101000101110110110000101011011
      4 1001001111101001100010011111001000101100000110110110000101011011
     11 1001001111101001100010011111001000101100001100100110000101011011
      2 1001001111101001100010011111001000101100001100110110000101011011
      2 1001001111101001100010011111001000101100001110100110000101011011
     23 1001001111101001100010011111001000101100001110110110000101011011
      1 1001001111101001100010011111001000101100100110110110000101011011
      2 1001001111101001100010011111001000101100101100100110000101011011
     28 1001001111101001100010011111001000101100101100110110000101011011
      1 1001001111101001100010011111001000101100101100110110100101011011
    197 1001001111101001100010011111001000101100101110110110000101011011
      1 1001001111101001100010011111001001000100101110110110000101011011
     16 1001001111101001100010011111001001001000101110110110000101011011
     57 1001001111101001100010011111001001001100101110110110000101011011
      2 1001001111101001100010011111001001100000101010110110000101011011
      1 1001001111101001100010011111001001100000101110010110000101011011
     11 1001001111101001100010011111001001100000101110110110000101011011
      1 1001001111101001100010011111001001100100001110110110000101011011
     14 1001001111101001100010011111001001100100100110110110000101011011
     70 1001001111101001100010011111001001100100101110110110000101011011
      2 1001001111101001100010011111001001101000100010110110000101011011
      1 1001001111101001100010011111001001101000100110110110000101011011
      3 1001001111101001100010011111001001101000101010010100000101011011
      6 1001001111101001100010011111001001101000101010010110000101011011
      2 1001001111101001100010011111001001101000101010110100000101011011
     35 1001001111101001100010011111001001101000101010110110000101011011
     24 1001001111101001100010011111001001101000101110010110000101011011
    294 1001001111101001100010011111001001101000101110110110000101011011
      1 1001001111101001100010011111001001101000101110110110000101111011
      2 1001001111101001100010011111001001101100000110100010000101011011
      1 1001001111101001100010011111001001101100000110100110000101011011
      4 1001001111101001100010011111001001101100000110110010000101011011
     22 1001001111101001100010011111001001101100000110110110000101011011
      1 1001001111101001100010011111001001101100001100100010000101011011
      3 1001001111101001100010011111001001101100001100100110000101011011
      3 1001001111101001100010011111001001101100001110100010000101011011
     51 1001001111101001100010011111001001101100001110100110000101011011
    153 1001001111101001100010011111001001101100001110110110000101011011
      6 1001001111101001100010011111001001101100100010110000000101011011
      3 1001001111101001100010011111001001101100100010110010000101011011
      2 1001001111101001100010011111001001101100100010110100000101011011
     15 1001001111101001100010011111001001101100100010110110000101011011
      6 1001001111101001100010011111001001101100100110100010000101011011
     10 1001001111101001100010011111001001101100100110110000000101011011
     59 1001001111101001100010011111001001101100100110110010000101011011
    165 1001001111101001100010011111001001101100100110110110000101011011
      8 1001001111101001100010011111001001101100101010010100000101011011
      1 1001001111101001100010011111001001101100101010010110000101011011
      7 1001001111101001100010011111001001101100101010110000000101011011
      1 1001001111101001100010011111001001101100101010110010000101011011
     76 1001001111101001100010011111001001101100101010110100000101011011
    161 1001001111101001100010011111001001101100101010110110000101011011
      2 1001001111101001100010011111001001101100101100100010000101011011
      1 1001001111101001100010011111001001101100101100100110000101001011
    160 1001001111101001100010011111001001101100101100100110000101011011
      1 1001001111101001100010011111001001101100101100100110100101011011
    678 1001001111101001100010011111001001101100101100110110000101011011
      2 1001001111101001100010011111001001101100101110010000000101011011
     68 1001001111101001100010011111001001101100101110010100000101011011
    205 1001001111101001100010011111001001101100101110010110000101011011
      4 1001001111101001100010011111001001101100101110100000000101011011
     10 1001001111101001100010011111001001101100101110100010000101001001
      3 1001001111101001100010011111001001101100101110100010000101001011
      9 1001001111101001100010011111001001101100101110100010000101011001
    267 1001001111101001100010011111001001101100101110100010000101011011
      1 1001001111101001100010011111001001101100101110100100000101011011
      5 1001001111101001100010011111001001101100101110100110000101001001
     78 1001001111101001100010011111001001101100101110100110000101001011
      2 1001001111101001100010011111001001101100101110100110000101011001
   1532 1001001111101001100010011111001001101100101110100110000101011011
      8 1001001111101001100010011111001001101100101110110000000101011000
      6 1001001111101001100010011111001001101100101110110000000101011001
      5 1001001111101001100010011111001001101100101110110000000101011010
    271 1001001111101001100010011111001001101100101110110000000101011011
      1 1001001111101001100010011111001001101100101110110001000101011011
      6 1001001111101001100010011111001001101100101110110010000101001001
      2 1001001111101001100010011111001001101100101110110010000101001011
      2 1001001111101001100010011111001001101100101110110010000101011000
     87 1001001111101001100010011111001001101100101110110010000101011001
   1845 1001001111101001100010011111001001101100101110110010000101011011
      2 1001001111101001100010011111001001101100101110110010100101011011
      1 1001001111101001100010011111001001101100101110110100000101011000
      2 1001001111101001100010011111001001101100101110110100000101011001
     39 1001001111101001100010011111001001101100101110110100000101011010
   1339 1001001111101001100010011111001001101100101110110100000101011011
      5 1001001111101001100010011111001001101100101110110101000101011011
      3 1001001111101001100010011111001001101100101110110110000001010011
     19 1001001111101001100010011111001001101100101110110110000001011011
      2 1001001111101001100010011111001001101100101110110110000100011000
      7 1001001111101001100010011111001001101100101110110110000100011001
     21 1001001111101001100010011111001001101100101110110110000100011011
      1 1001001111101001100010011111001001101100101110110110000101000001
      5 1001001111101001100010011111001001101100101110110110000101000011
      1 1001001111101001100010011111001001101100101110110110000101001000
     39 1001001111101001100010011111001001101100101110110110000101001001
    242 1001001111101001100010011111001001101100101110110110000101001011
      2 1001001111101001100010011111001001101100101110110110000101010010
     40 1001001111101001100010011111001001101100101110110110000101010011
     22 1001001111101001100010011111001001101100101110110110000101011000
    259 1001001111101001100010011111001001101100101110110110000101011001
     83 1001001111101001100010011111001001101100101110110110000101011010
 647290 1001001111101001100010011111001001101100101110110110000101011011
     10 1001001111101001100010011111001001101100101110110110000101111011
      2 1001001111101001100010011111001001101100101110110110000111011011
      9 1001001111101001100010011111001001101100101110110110001101011011
     27 1001001111101001100010011111001001101100101110110110010101011011
     60 1001001111101001100010011111001001101100101110110110100101011011
      1 1001001111101001100010011111001001101100101110110110100111011011
     75 1001001111101001100010011111001001101100101110110111000101011011
      1 1001001111101001100010011111001001101100101110110111001101011011
      2 1001001111101001100010011111001001101100101110111110000101011011
      1 1001001111101001100010011111001001101100111110110110000001011011
     75 1001001111101001100010011111001001101100111110110110000101011011
      1 1001001111101001100010011111001001101101101110110110000100011011
     50 1001001111101001100010011111001001101101101110110110000101011011
    100 1001001111101001100010011111001001101110101110110110000101011011
      6 1001001111101001100010011111001001101110111110110110000101011011
      9 1001001111101001100010011111001001101111101110110110000101011011
      1 1001001111101001100010011111001001101111101110110110010101011011
      1 1001001111101001100010011111001001101111111110110110000101011011
      2 1001001111101001100010011111001001111100101110110110000101001011
     36 1001001111101001100010011111001001111100101110110110000101011011
      6 1001001111101001100010011111001001111100101110110110100101011011
      1 1001001111101001100010011111001001111100101110111110000101011011
      1 1001001111101001100010011111001011101100101110110101000101011011
      1 1001001111101001100010011111001011101100101110110110000101011000
     34 1001001111101001100010011111001011101100101110110110000101011011
      3 1001001111101001100010011111001011101100101110110111000101011011
      2 1001001111101001100010011111001011101110101110110110000101011011
      1 1001001111101001100010011111001100000100101110110110000101011011
      1 1001001111101001100010011111001100001100101110110110000101011011
      1 1001001111101001100010011111001100100100101110110110000101011011
      1 1001001111101001100010011111001100101100001100110110000101011011
      2 1001001111101001100010011111001100101100101100110110000101011011
     10 1001001111101001100010011111001100101100101110110110000101011011
      1 1001001111101001100010011111001101000000101110110110000101011011
      1 1001001111101001100010011111001101100100101110110110000101011011
      1 1001001111101001100010011111001101101100001110100110000101011011
      1 1001001111101001100010011111001101101100001110110110000101011011
      3 1001001111101001100010011111001101101100101100110110000101011011
     59 1001001111101001100010011111001101101100101110110110000101011011
      2 1001001111101001100010011111011001100100101110110110000101011011
      1 1001001111101001100010011111011001101000101110110110000101011011
      1 1001001111101001100010011111011001101100000110110110000101011011
     32 1001001111101001100010011111011001101100101110110110000101011011
      1 1001001111101001100010011111011001101100101110110110010101011011
      1 1001001111101001100010011111011100000000101110110110000101011011
      3 1001001111101001100010011111011100101100101110110110000101011011
      1 1001001111101001100010011111011101100100101110110110000101011011
      3 1001001111101001100010011111011101101100101110110110000101011011
      1 1001001111101001100010011111101000101100101110110110000101011011
      1 1001001111101001100010011111101001000000101110110110000101011011
      1 1001001111101001100010011111101001001000101110110110000101011011
      1 1001001111101001100010011111101001100000101110110110000101011011
      1 1001001111101001100010011111101001100100101110110110000101011011
      4 1001001111101001100010011111101001101000101010110110000101011011
      4 1001001111101001100010011111101001101000101110010110000101011011
     12 1001001111101001100010011111101001101000101110110110000101011011
      1 1001001111101001100010011111101001101100100110110110000101011011
      1 1001001111101001100010011111101001101100101110010110000101011011
     50 1001001111101001100010011111101001101100101110110110000101011011
      3 1001001111101001100010011111101001101100101110110110000101111011
      3 1001001111101001100010011111111001101000101110110110000101011011
      1 1001001111101001100010011111111001101100101110110110000101011011
      1 1001001111101001100010011111111001101100101110110110000101111011
      1 1001001111101001100010111111001000100100001110110110000101011011
      1 1001001111101001100010111111001000101100001100100110000101011011
      1 1001001111101001100010111111001000101100001110110110000101011011
      1 1001001111101001100010111111001000101100101100110110000101011011
      3 1001001111101001100010111111001000101100101110110110000101011011
      1 1001001111101001100010111111001001101100001100100110000101011011
      1 1001001111101001100010111111001001101100001100110110000101011011
      1 1001001111101001100010111111001001101100001110100110000101011011
      1 1001001111101001100010111111001001101100001110110110000101011011
      6 1001001111101001100010111111001001101100101100100110000101011011
     29 1001001111101001100010111111001001101100101100110110000101011011
      1 1001001111101001100010111111001001101100101110100110000101001011
      7 1001001111101001100010111111001001101100101110100110000101011011
    356 1001001111101001100010111111001001101100101110110110000101011011
      1 1001001111101001100010111111001100101100101100110110000101011011
      1 1001001111101001100010111111001100101100101110110110000101011011
      1 1001001111101001100010111111001101101100101100100110000101011011
      3 1001001111101001100010111111001101101100101100110110000101011011
     19 1001001111101001100010111111001101101100101110110110000101011011
      1 1001001111101001100011011111001001001000101110110110000101011011
     87 1001001111101001100011011111001001101100101110110110000101011011
     11 1001001111101001100011111111001001101100101110110110000101011011
      1 1001001111101001100110011111001000101100001110100110000101011011
      1 1001001111101001100110011111001000101100001110110110000101011011
      1 1001001111101001100110011111001001101100000110110010000101011011
      6 1001001111101001100110011111001001101100001100100110000101011011
      3 1001001111101001100110011111001001101100001110100010000101011011
      8 1001001111101001100110011111001001101100001110100110000101011011
      1 1001001111101001100110011111001001101100001110100110100101011011
      7 1001001111101001100110011111001001101100001110110110000101011011
      1 1001001111101001100110011111001001101100001110110110000111011011
      1 1001001111101001100110011111001001101100100110100010000101011011
      1 1001001111101001100110011111001001101100101100100010000101011011
     18 1001001111101001100110011111001001101100101100100110000101011011
     14 1001001111101001100110011111001001101100101100110110000101011011
      1 1001001111101001100110011111001001101100101110100000000101001001
      2 1001001111101001100110011111001001101100101110100010000101001001
      5 1001001111101001100110011111001001101100101110100010000101001011
     32 1001001111101001100110011111001001101100101110100010000101011011
     13 1001001111101001100110011111001001101100101110100110000101001011
    193 1001001111101001100110011111001001101100101110100110000101011011
      1 1001001111101001100110011111001001101100101110100110100101011011
      2 1001001111101001100110011111001001101100101110110010000101001001
     25 1001001111101001100110011111001001101100101110110010000101011011
      1 1001001111101001100110011111001001101100101110110100000101011011
     12 1001001111101001100110011111001001101100101110110110000101001011
      1 1001001111101001100110011111001001101100101110110110000101011001
    584 1001001111101001100110011111001001101100101110110110000101011011
      1 1001001111101001100110011111001001101100101110110110000111011011
     10 1001001111101001100110011111001001101100101110110110100101011011
      2 1001001111101001100110111111001000101100001100100110000101011011
      1 1001001111101001100110111111001000101100101100100110000101011011
     11 1001001111101001100110111111001001101100101100100110000101011011
     12 1001001111101001100110111111001001101100101100110110000101011011
     12 1001001111101001100110111111001001101100101110100110000101011011
     53 1001001111101001100110111111001001101100101110110110000101011011
      1 1001001111101001100110111111001001101100101110110110100101011011
      1 1001001111101001100110111111001101101100101110110110000101011011
      1 1001001111101001101010011111001001101100101110100110000101001011
      2 1001001111101001101010011111001001101100101110100110000101011011
      1 1001001111101001101010011111001001101100101110110000000101011011
      5 1001001111101001101010011111001001101100101110110100000101011011
    110 1001001111101001101010011111001001101100101110110110000101011011
      1 1001001111101001101011011111001001101100101110110110000101011011
      1 1001001111101001101110011111001001101100101110110010000101011011
     18 1001001111101001101110011111001001101100101110110110000101011011
      1 1001001111101001101111111111001001101100101110110110000101011011
      1 1001001111101001110010011111001001101100001110100010000101011011
      1 1001001111101001110010011111001001101100001110100110000101011011
      1 1001001111101001110010011111001001101100100110100000000101011011
      1 1001001111101001110010011111001001101100100110100010000101011011
      4 1001001111101001110010011111001001101100100110110000000101011011
      3 1001001111101001110010011111001001101100100110110010000101011011
      1 1001001111101001110010011111001001101100100110110100000101011011
      1 1001001111101001110010011111001001101100100110110110000101011011
      1 1001001111101001110010011111001001101100101010110000000101011011
      1 1001001111101001110010011111001001101100101010110100000101011011
      1 1001001111101001110010011111001001101100101100100010000101011011
      2 1001001111101001110010011111001001101100101110100010000101011001
     12 1001001111101001110010011111001001101100101110100010000101011011
      1 1001001111101001110010011111001001101100101110100110000101001011
      6 1001001111101001110010011111001001101100101110100110000101011011
      2 1001001111101001110010011111001001101100101110110000000101011001
      1 1001001111101001110010011111001001101100101110110000000101011010
     16 1001001111101001110010011111001001101100101110110000000101011011
     12 1001001111101001110010011111001001101100101110110010000101011001
     81 1001001111101001110010011111001001101100101110110010000101011011
      1 1001001111101001110010011111001001101100101110110011000101011011
     12 1001001111101001110010011111001001101100101110110100000101011011
      1 1001001111101001110010011111001001101100101110110110000101001001
      5 1001001111101001110010011111001001101100101110110110000101011001
    160 1001001111101001110010011111001001101100101110110110000101011011
      1 1001001111101001110010011111001001101100101110110111000101011011
      1 1001001111101001110010011111111001101100101110110110000101011011
      1 1001001111101001110010111111001001101100101110110110000101011011
      1 1001001111101001110110011111001001101100101100100110000101011011
      1 1001001111101001110110011111001001101100101100110000000101011011
      2 1001001111101001110110011111001001101100101110100010000101001001
     10 1001001111101001110110011111001001101100101110100010000101011011
      1 1001001111101001110110011111001001101100101110100110000101001011
      8 1001001111101001110110011111001001101100101110100110000101011011
      1 1001001111101001110110011111001001101100101110110010000101011001
      8 1001001111101001110110011111001001101100101110110010000101011011
     18 1001001111101001110110011111001001101100101110110110000101011011
      1 1001001111101001110110111111001001101100101100100110000101011011
      1 1001001111101001111110011111001001101100101110100110000101011011
      2 1001001111101001111110011111001001101100101110110110000101011011
      6 1001001111101011100010011111001001101100101110110110000101011011
      4 1001001111101101100010011111001001101100101110110110000101011011
      1 1001001111101101100010011111101001001100101110110110000101011011
      1 1001001111111001100010011111001001101000101010010110000101011011
      7 1001001111111001100010011111001001101100101110110110000101011011
      2 1001001111111001100010011111101001101100101110110110000101011011
      1 1001001111111101100010011111001001101100101110110110000101011011
      3 1001011111101001100010011111001001101100101110110110000100011011
      1 1001011111101001100010011111001001101100101110110110000101001001
      1 1001011111101001100010011111001001101100101110110110000101011001
     96 1001011111101001100010011111001001101100101110110110000101011011
      3 1001011111101001100010011111001001101101101110110110000101011011
      1 1001101111101001100010011011001001101100101110110110000101011011
      1 1001101111101001100010011111001001101100101110110110000001011011
      1 1001101111101001100010011111001001101100101110110110000101011000
      1 1001101111101001100010011111001001101100101110110110000101011010
    147 1001101111101001100010011111001001101100101110110110000101011011
     11 1001101111101001100010011111001001101110101110110110000101011011
      1 1001101111101001100010011111001001101110111110110110000101011011
      1 1001101111101001100010011111101001101100101110110100000101011011
      2 1001101111111001100010011111001001101100101110110110000101011011
      9 1001111111101001100010011111001001101100101110110110000101011011
      1 1011001110101001100110011111001001101100101110110110000101011011
      1 1011001111101001100010011111000001101100101110110110000101011011
      2 1011001111101001100010011111001001101100101110100010000101011011
      1 1011001111101001100010011111001001101100101110100110000101001001
      7 1011001111101001100010011111001001101100101110100110000101001011
      3 1011001111101001100010011111001001101100101110100110000101011011
      1 1011001111101001100010011111001001101100101110110010000101001001
      1 1011001111101001100010011111001001101100101110110010000101011001
      3 1011001111101001100010011111001001101100101110110110000101000011
      1 1011001111101001100010011111001001101100101110110110000101001000
      5 1011001111101001100010011111001001101100101110110110000101001001
     29 1011001111101001100010011111001001101100101110110110000101001011
      1 1011001111101001100010011111001001101100101110110110000101010011
      4 1011001111101001100010011111001001101100101110110110000101011001
    154 1011001111101001100010011111001001101100101110110110000101011011
      6 1011001111101001100010011111001001111100101110110110000101011011
      1 1011001111101001100110011111001001101100101110100110000101001001
      3 1011001111101001100110011111001001101100101110100110000101001011
      7 1011001111101001100110011111001001101100101110100110000101011011
      1 1011001111101001100110011111001001101100101110110010000101001011
      6 1011001111101001100110011111001001101100101110110110000101001011
      1 1011001111101001100110011111001001101100101110110110000101010011
     43 1011001111101001100110011111001001101100101110110110000101011011
      1 1011001111101001100110011111001001101100101110110110100101011011
      3 1011001111101001100110111111001001101100101110110110000101011011
      2 1011001111101001110110011111001001101100101110100010000101001001
      2 1011001111101001110110011111001001101100101110110010000101011011
      1 1011001111101001110110011111001001101100101110110110000101011011
      1 1011011111101001100010011111001001101100101110110110000101011001
      1 1011011111101001100010111111001001101100101110110110000101011011
      1 1101001111100001101010011111001001101100101110110110000101011011
      1 1101001111101001100010011111001001101100101110110110000101001011
      1 1101001111101001100010011111001001101100101110110110000101010010
      8 1101001111101001100010011111001001101100101110110110000101010011
      1 1101001111101001100010011111001001101100101110110110000101011001
      4 1101001111101001100010011111001001101100101110110110000101011010
    133 1101001111101001100010011111001001101100101110110110000101011011
      1 1101001111101001100010011111001001101100111110110110000101011011
      2 1101001111101001100110011111001001101100101110110110000101011011
      1 1101001111101001101010011111001001101100101110110000000101011000
      8 1101001111101001101010011111001001101100101110110110000101011011
      2 1101101111101001100010011111001001101100101110110110000101011011
      1 1101101111101001100010011111001001101100111110110110000101011011
      1 1111001111101001100010011111001001101100101110110010000101011011
      1 1111001111101001100010011111001001101100101110110110000101000011
      2 1111001111101001100010011111001001101100101110110110000101001011
      2 1111001111101001100010011111001001101100101110110110000101010011
     17 1111001111101001100010011111001001101100101110110110000101011011
      3 1111001111101001100110011111001001101100101110110110000101011011
      1 1111001111101001101110011111001001101100101110110110000101001011
