0101101010110100000101101101100001010010001100011110001110000100011101011000010001101100100100010010 0.695834
0101101010110100001101101101100001010010001100011110001110000100011101011000010001101100100100010010 0.108717
0101101010110100000101101101100001010010001100011110001110000100011101011000000001101100100100010010 0.0744509
0101101000110100000101101101100001010010001100011110001110000100011101011000010001101100100100010010 0.0548251
0101101010110100000101101101100001010010001100011110001110000100001101011000010001101100100100010010 0.0173446
0101101010110100001101101101100001010010001100011110001110000100011101011000000001101100100100010010 0.0105685
0101101000110100001101101101100001010010001100011110001110000100011101011000010001101100100100010010 0.00753653
0101101000110100000101101101100001010010001100011110001110000100011101011000000001101100100100010010 0.00698789
0101101010110100000101101101100001010010001100011110001110000100011101011000010001101100100110010010 0.00511098
0101101010110100001101101101100001010010001100011110001110000100001101011000010001101100100100010010 0.0025988
0101101010110100000101101101100001010010001100011110001110000101011101011000010001101100100100010010 0.0023293
0101101010110100000101101101100001010010001100011110001110000100001101011000000001101100100100010010 0.00231005
0101101000110100000101101101100001010010001100011110001110000100001101011000010001101100100100010010 0.00162666
0101101010110100001101101101100001010010001100011110001110000100011101011000010001101100100110010010 0.0010299
0101101010110100000101101101100001010010001100011110001110000110011101011000010001101100100100010010 0.000962519
0101101010110100000101101101100001010010001100011110001110000100011101011000011001101100100100010010 0.000827767
0101101000110100001101101101100001010010001100011110001110000100011101011000000001101100100100010010 0.000818142
0101101110110100000101101101100001010010001100011110001110000100011101011000010001101100100100010010 0.000798891
0001101010110100000101101101100001010010001100011110001110000100011101011000010001101100100100010010 0.000529386
0101101010110100001101101101100001010010001100011110001110000101011101011000010001101100100100010010 0.000519761
0101101010110100000101101101100001010010001100011110001110000100011101011000000001101100100110010010 0.000462009
0101101000110100000101101101100001010010001100011110001110000100011101011000010001101100100110010010 0.000279131
0101101010110100001101101101100001010010001100011110001110000100001101011000000001101100100100010010 0.000269505
0101101000110100000101101101100001010010001100011110001110000100001101011000000001101100100100010010 0.000211754
0101101010110100000101101101100001010010001100011110001110000101011101011000000001101100100100010010 0.000192504
0101101000110100001101101101100001010010001100011110001110000100001101011000010001101100100100010010 0.000192504
0101101000110100000101101101100001010010001100011110001110000101011101011000010001101100100100010010 0.000173254
0101101010110100001101101101100001010010001100011110001110000110011101011000010001101100100100010010 0.000163628
0101101110110100001101101101100001010010001100011110001110000100011101011000010001101100100100010010 0.000144378
0101101010110100000101101101100001010010001100011110001110000100001101011000010001101100100110010010 0.000144378
0101101010110100001101101101100001010010001100011110001110000100011101011000011001101100100100010010 0.000134753
0101101110110100000101101101100001010010001100011110001110000100011101011000000001101100100100010010 0.000125128
0101100010110100000101101101100001010010001100011110001110000100011101011000010001101100100100010010 0.000115502
0101101010110100000101101101100001010010001100011110001110000110011101011000000001101100100100010010 0.000105877
0101101010110100000101101101100001010010001100011110001110000101001101011000010001101100100100010010 7.70016e-05
0101101010110100000101101101100001010010001100011110001110000100010101011000010001101100100100010010 7.70016e-05
0001101010110100001101101101100001010010001100011110001110000100011101011000010001101100100100010010 7.70016e-05
0001101010110100000101101101100001010010001100011110001110000100011101011000000001101100100100010010 7.70016e-05
0101101000110100001101101101100001010010001100011110001110000101011101011000010001101100100100010010 6.73764e-05
0101101000110100000101101101100001010010001100011110001110000110011101011000010001101100100100010010 6.73764e-05
0101101010110100000101101101100001010010001100011110001110000100011101011000001001101100100100010010 5.77512e-05
0101101010110100000101001101100001010010001100011110001110000100011101011000010001101100100100010010 5.77512e-05
0101101010110100001101101101100001010010001100011110001110000101011101011000000001101100100100010010 4.8126e-05
0101101010110100001101101101100001010010001100011110001110000100011101011000000001101100100110010010 4.8126e-05
0101101000110100001101101101100001010010001100011110001110000100011101011000010001101100100110010010 4.8126e-05
0101101010110100000101101101100001010000001100011110001110000100011101011000010001101100100100010010 3.85008e-05
0101101000110100000101101101100001010010001100011110001110000101011101011000000001101100100100010010 3.85008e-05
0101101000110100000101101101100001010010001100011110001110000100011101011000000001101100100110010010 3.85008e-05
0101100010110100001101101101100001010010001100011110001110000100011101011000010001101100100100010010 3.85008e-05
0101101010110100000101101101100001010010001100011110101110000100011101011000010001101100100100010010 2.88756e-05
0101101000110100000101101101100001010010001100011110001110000100011101011000011001101100100100010010 2.88756e-05
0101100000110100000101101101100001010010001100011110001110000100011101011000010001101100100100010010 2.88756e-05
0101101110110100000101101101100001010010001100011110001110000100011101011000010001101100100110010010 1.92504e-05
0101101110110100000101101101100001010010001100011110001110000100001101011000010001101100100100010010 1.92504e-05
0101101100110100000101101101100001010010001100011110001110000100011101011000010001101100100100010010 1.92504e-05
0101101010110100001101101101100001010010001100011110001110000110011101011000000001101100100100010010 1.92504e-05
0101101010110100001101101101100001010010001100011110001110000100001101011000010001101100100110010010 1.92504e-05
0101101010110100001101101101100001010010001100011110001110000100001101011000000001101100100110010010 1.92504e-05
0101101010110100001101001101100001010010001100011110001110000100011101011000010001101100100100010010 1.92504e-05
0101101010110100000101101101100001010010001101011110001110000100011101011000010001101100100100010010 1.92504e-05
0101101010110100000101101101100001010010001100011110001110000110001101011000010001101100100100010010 1.92504e-05
0101101010110100000101101101100001010010001100011110001110000101011101011000010001101100100110010010 1.92504e-05
0101101010110100000101101101100001010010001100011110001110000100011101011000010001100100100100010010 1.92504e-05
0101101010110100000101101101100001010010001100011110001110000100001101011000000001101100100110010010 1.92504e-05
0101101010110100000101001101100001010010001100011110001110000100011101011000000001101100100100010010 1.92504e-05
0101101000110100001101101101100001010010001100011110001110000101011101011000000001101100100100010010 1.92504e-05
0101101000110100000101101101100001010010001100011110001110000101001101011000010001101100100100010010 1.92504e-05
0101101000110100000101101101100001010010001100011110001110000100010101011000010001101100100100010010 1.92504e-05
0101101000110100000101101101100001010010001100011110001110000100001101011000010001101100100110010010 1.92504e-05
0101101000110100000101001101100001010010001100011110001110000100011101011000010001101100100100010010 1.92504e-05
0101100010110100000101101101100001010010001100011110001110000100011101011000000001101100100100010010 1.92504e-05
0001101010110100000101101101100001010010001100011110001110000100001101011000010001101100100100010010 1.92504e-05
0001101000110100000101101101100001010010001100011110001110000100011101011000010001101100100100010010 1.92504e-05
0101101110110100000101101101100001010010001100011110001110000101011101011000010001101100100100010010 9.62519e-06
0101101100110100000101101101100001010010001100011110001110000100011101011000000001101100100100010010 9.62519e-06
0101101010110100001101101101100001010010001100011110001110000111011101011000010001101100100100010010 9.62519e-06
0101101010110100001101101101100001010010001100011110001110000100011101011000011001101100100110010010 9.62519e-06
0101101010110100001101101101100001010010001100011110001110000100011101011000011001101100100100010110 9.62519e-06
0101101010110100001101101101100001010010001100011110001110000100011101011000010001101100100100110010 9.62519e-06
0101101010110100001101101101100001010010001100011110001110000100011101011000010001101100100100010110 9.62519e-06
0101101010110100001101101101100001010000001100011110001110000100011101011000010001101100100100010010 9.62519e-06
0101101010110100000101101101100001011010001100011110001110000100011101011000010001101100100100010010 9.62519e-06
0101101010110100000101101101100001010010001100011110011110000100011101011000010001101100100100010010 9.62519e-06
0101101010110100000101101101100001010010001100011110001110000101011101011000011001101100100100010010 9.62519e-06
0101101010110100000101101101100001010010001100011110001110000100011101011000011001101100100110010010 9.62519e-06
0101101010110100000101101101100001010010001100011110001110000100011101011000010001101100100100000010 9.62519e-06
0101101010110100000101101101100001010010001100011110001110000100010101011000000001101100100100010010 9.62519e-06
0101101010110100000101101101100001010000001100011110001110000100001101011000010001101100100100010010 9.62519e-06
0101101010110100000101001101100001010010001100011110001110000100001101011000010001101100100100010010 9.62519e-06
0101101000110100001101101101100001010010001101011110001110000100011101011000010001101100100100010010 9.62519e-06
0101101000110100001101101101100001010010001100011110101110000100011101011000010001101100100100010010 9.62519e-06
0101101000110100001101101101100001010010001100011110001110000100011101011000011001101100100100010010 9.62519e-06
0101101000110100000101001101100001010010001100011110001110000100011101011000000001101100100100010010 9.62519e-06
0001101010110100001101101101100001010010001100011110001110000100011101011000000001101100100100010010 9.62519e-06
0001101000110100001101101101100001010010001100011110001110000101011101011000010001101100100100010010 9.62519e-06
