     19 000000011111111000000001111111100000000000111111100000111101011
     30 000000011111111000000001111111100000000000111111100000111101111
      8 000000011111111000000001111111100000000000111111100000111110011
      9 000000011111111000000001111111100000000000111111100000111110111
    501 000000011111111000000001111111100000000000111111100000111111011
      1 000000011111111000000001111111100000000000111111100000111111101
      5 000000011111111000000001111111100000000000111111100000111111110
 281373 000000011111111000000001111111100000000000111111100000111111111
     11 001000011111111000000001111111100000000000111111100000111101011
     39 001000011111111000000001111111100000000000111111100000111101111
      8 001000011111111000000001111111100000000000111111100000111111111
      1 010000011111111000000001111101100000000000111111100000111110111
      2 010000011111111000000001111101100010000000111111100000111110111
      9 010000011111111000000001111111100000000000111111100000111110011
      7 010000011111111000000001111111100000000000111111100000111110110
    275 010000011111111000000001111111100000000000111111100000111110111
     11 010000011111111000000001111111100000000000111111100000111111110
    499 010000011111111000000001111111100000000000111111100000111111111
      2 010000011111111000000001111111100010000000111111100000111110110
      6 010000011111111000000001111111100010000000111111100000111110111
      1 010000011111111000000001111111110000000000111111100000111110110
      1 010000011111111000000001111111110000000000111111100000111111111
      1 100000011111111000000001111110100000000000111111100000111100011
      2 100000011111111000000001111110100000000000111111100000111101011
      1 100000011111111000000001111110100000000000111111100000111110011
     15 100000011111111000000001111110100000000000111111100000111111011
      1 100000011111111000000001111110100100000000111111100000111110011
      1 100000011111111000000001111110100100000000111111100000111111011
      6 100000011111111000000001111111100000000000111111100000111100011
     80 100000011111111000000001111111100000000000111111100000111101011
     40 100000011111111000000001111111100000000000111111100000111110011
   5622 100000011111111000000001111111100000000000111111100000111111011
   2511 100000011111111000000001111111100000000000111111100000111111111
      2 101000011111111000000001111110100000000000111111100000111101011
      2 101000011111111000000001111110100100000000111111100000111101011
      3 101000011111111000000001111111100000000000111111100000111100011
    310 101000011111111000000001111111100000000000111111100000111101011
      4 101000011111111000000001111111100000000000111111100000111101111
     57 101000011111111000000001111111100000000000111111100000111111011
      5 101000011111111000000001111111100000000000111111100000111111111
      2 110000011111111000000001111100100000000000111111100000111110011
      1 110000011111111000000001111101100010000000111111100000111110011
      1 110000011111111000000001111110100000000000111111100000111110011
      3 110000011111111000000001111110100100000000111111100000111110011
      4 110000011111111000000001111111100000000000111111100000111100011
    599 110000011111111000000001111111100000000000111111100000111110011
     92 110000011111111000000001111111100000000000111111100000111110111
    309 110000011111111000000001111111100000000000111111100000111111011
    194 110000011111111000000001111111100000000000111111100000111111111
      5 111000011111111000000001111110100100000000111111100000111100011
     36 111000011111111000000001111111100000000000111111100000111100011
      3 111000011111111000000001111111100000000000111111100000111101011
      6 111000011111111000000001111111100000000000111111100000111110011
      2 111000011111111000000001111111100000000000111111100000111111011
      1 111000011111111000000001111111100100000000111111100000111110011
